265754-ImHubery.cpp	265777-ImHubery.cpp	1519	1731	1223	80.51	70.65
265754-ImHubery.cpp	265785-ImHubery.cpp	1519	1558	1295	85.25	83.12
265754-ImHubery.cpp	265857-ImHubery.cpp	1519	1822	1287	84.73	70.64
265754-ImHubery.cpp	265861-ImHubery.cpp	1519	2006	1276	84.00	63.61
265754-ImHubery.cpp	266059-ImHubery.cpp	1519	1860	1235	81.30	66.40
265754-ImHubery.cpp	266114-ImHubery.cpp	1519	1819	1283	84.46	70.53
265754-ImHubery.cpp	266332-ImHubery.cpp	1519	1874	1145	75.38	61.10
265754-ImHubery.cpp	266458-ImHubery.cpp	1519	1660	1148	75.58	69.16
265754-ImHubery.cpp	267160-ImHubery.cpp	1519	1690	1120	73.73	66.27
265754-ImHubery.cpp	267258-ImHubery.cpp	1519	1459	1218	80.18	83.48
265754-ImHubery.cpp	269619-ImHubery.cpp	1519	2160	1304	85.85	60.37
265754-ImHubery.cpp	269628-ImHubery.cpp	1519	2160	1305	85.91	60.42
265754-ImHubery.cpp	269642-ImHubery.cpp	1519	2164	1305	85.91	60.30
265754-ImHubery.cpp	269909-ImHubery.cpp	1519	1849	1263	83.15	68.31
265759-2021020910025李尚融.cpp	266148-LevenKoko.cpp	992	1009	619	62.40	61.35
265759-2021020910025李尚融.cpp	266193-Divinitist.cpp	992	949	617	62.20	65.02
265759-2021020910025李尚融.cpp	266958-Believe_zzn.cpp	992	1072	650	65.52	60.63
265759-2021020910025李尚融.cpp	267922-millope.cpp	992	986	627	63.21	63.59
265771-lotato.cpp	269800-clouds.cpp	897	819	549	61.20	67.03
265776-cidai.cpp	267253-cidai.cpp	935	1169	831	88.88	71.09
265777-ImHubery.cpp	265785-ImHubery.cpp	1731	1558	1222	70.60	78.43
265777-ImHubery.cpp	265857-ImHubery.cpp	1731	1822	1278	73.83	70.14
265777-ImHubery.cpp	265861-ImHubery.cpp	1731	2006	1321	76.31	65.85
265777-ImHubery.cpp	266059-ImHubery.cpp	1731	1860	1251	72.27	67.26
265777-ImHubery.cpp	266114-ImHubery.cpp	1731	1819	1225	70.77	67.34
265777-ImHubery.cpp	266332-ImHubery.cpp	1731	1874	1214	70.13	64.78
265777-ImHubery.cpp	266458-ImHubery.cpp	1731	1660	1220	70.48	73.49
265777-ImHubery.cpp	267160-ImHubery.cpp	1731	1690	1175	67.88	69.53
265777-ImHubery.cpp	267258-ImHubery.cpp	1731	1459	1229	71.00	84.24
265777-ImHubery.cpp	269619-ImHubery.cpp	1731	2160	1324	76.49	61.30
265777-ImHubery.cpp	269628-ImHubery.cpp	1731	2160	1324	76.49	61.30
265777-ImHubery.cpp	269642-ImHubery.cpp	1731	2164	1324	76.49	61.18
265777-ImHubery.cpp	269909-ImHubery.cpp	1731	1849	1322	76.37	71.50
265785-ImHubery.cpp	265857-ImHubery.cpp	1558	1822	1268	81.39	69.59
265785-ImHubery.cpp	265861-ImHubery.cpp	1558	2006	1277	81.96	63.66
265785-ImHubery.cpp	266059-ImHubery.cpp	1558	1860	1249	80.17	67.15
265785-ImHubery.cpp	266114-ImHubery.cpp	1558	1819	1485	95.31	81.64
265785-ImHubery.cpp	266332-ImHubery.cpp	1558	1874	1162	74.58	62.01
265785-ImHubery.cpp	266458-ImHubery.cpp	1558	1660	1157	74.26	69.70
265785-ImHubery.cpp	267160-ImHubery.cpp	1558	1690	1128	72.40	66.75
265785-ImHubery.cpp	267258-ImHubery.cpp	1558	1459	1239	79.53	84.92
265785-ImHubery.cpp	269909-ImHubery.cpp	1558	1849	1260	80.87	68.14
265789-duanyll.cpp	268907-duanyll.cpp	1524	1712	1093	71.72	63.84
265792-2021080911003.cpp	266627-nyml2003.cpp	924	960	579	62.66	60.31
265792-2021080911003.cpp	268021-nyml2003.cpp	924	960	579	62.66	60.31
265807-Nelson_zsj.cpp	266321-汪一奇2021190505027.cpp	973	958	594	61.05	62.00
265807-Nelson_zsj.cpp	266323-汪一奇2021190505027.cpp	973	956	594	61.05	62.13
265807-Nelson_zsj.cpp	267720-charming.cpp	973	1020	615	63.21	60.29
265807-Nelson_zsj.cpp	270190-qiao.cpp	973	959	653	67.11	68.09
265807-Nelson_zsj.cpp	270324-skyliyu.cpp	973	856	599	61.56	69.98
265812-End_donkey.cpp	265845-Nelson_zsj.cpp	862	853	518	60.09	60.73
265812-End_donkey.cpp	265909-End_donkey.cpp	862	907	815	94.55	89.86
265812-End_donkey.cpp	266131-LevenKoko.cpp	862	886	571	66.24	64.45
265812-End_donkey.cpp	266165-LevenKoko.cpp	862	900	571	66.24	63.44
265812-End_donkey.cpp	266271-End_donkey.cpp	862	1034	645	74.83	62.38
265821-LRL52.cpp	265931-LRL52.cpp	1196	1158	804	67.22	69.43
265827-2021020910025李尚融.cpp	266069-2021020910025李尚融.cpp	1118	966	688	61.54	71.22
265827-2021020910025李尚融.cpp	266285-2021020910025李尚融.cpp	1118	1240	747	66.82	60.24
265827-2021020910025李尚融.cpp	266314-2021020910025李尚融.cpp	1118	968	742	66.37	76.65
265827-2021020910025李尚融.cpp	266863-2021020910025李尚融.cpp	1118	800	673	60.20	84.13
265827-2021020910025李尚融.cpp	269860-2021020910025李尚融.cpp	1118	1364	821	73.43	60.19
265837-huyulin.cpp	266273-huyulin.cpp	789	799	557	70.60	69.71
265837-huyulin.cpp	267549-huyulin.cpp	789	789	789	100.00	100.00
265838-秋阳锅锅.cpp	265875-2020050904015.cpp	800	885	553	69.13	62.49
265838-秋阳锅锅.cpp	266364-Lyc1.cpp	800	823	615	76.88	74.73
265838-秋阳锅锅.cpp	267877-UESTC-lzy.cpp	800	860	679	84.88	78.95
265838-秋阳锅锅.cpp	269667-秋阳锅锅.cpp	800	753	489	61.13	64.94
265844-duanyll.cpp	265853-duanyll.cpp	1667	1547	1264	75.82	81.71
265847-2020050904015.cpp	266313-2020050904015.cpp	672	809	546	81.25	67.49
265847-2020050904015.cpp	269775-2020050904015.cpp	672	661	655	97.47	99.09
265847-2020050904015.cpp	270825-UESTC-lzy.cpp	672	551	411	61.16	74.59
265853-duanyll.cpp	268907-duanyll.cpp	1547	1712	1135	73.37	66.30
265854-cidai.cpp	266289-Divinitist.cpp	785	791	497	63.31	62.83
265854-cidai.cpp	267164-Bob_Wang.cpp	785	823	502	63.95	61.00
265854-cidai.cpp	267256-cidai.cpp	785	1103	740	94.27	67.09
265854-cidai.cpp	268757-polaris.cpp	785	791	525	66.88	66.37
265854-cidai.cpp	270384-cidai.cpp	785	685	509	64.84	74.31
265855-LevenKoko.cpp	266319-LevenKoko.cpp	1310	1022	823	62.82	80.53
265855-LevenKoko.cpp	268292-LevenKoko.cpp	1310	1343	1310	100.00	97.54
265855-LevenKoko.cpp	268305-LevenKoko.cpp	1310	1366	1310	100.00	95.90
265855-LevenKoko.cpp	272083-LevenKoko.cpp	1310	1167	828	63.21	70.95
265857-ImHubery.cpp	265861-ImHubery.cpp	1822	2006	1448	79.47	72.18
265857-ImHubery.cpp	266059-ImHubery.cpp	1822	1860	1243	68.22	66.83
265857-ImHubery.cpp	266114-ImHubery.cpp	1822	1819	1312	72.01	72.13
265857-ImHubery.cpp	266332-ImHubery.cpp	1822	1874	1217	66.79	64.94
265857-ImHubery.cpp	266458-ImHubery.cpp	1822	1660	1209	66.36	72.83
265857-ImHubery.cpp	267160-ImHubery.cpp	1822	1690	1174	64.43	69.47
265857-ImHubery.cpp	267258-ImHubery.cpp	1822	1459	1279	70.20	87.66
265857-ImHubery.cpp	269619-ImHubery.cpp	1822	2160	1528	83.86	70.74
265857-ImHubery.cpp	269628-ImHubery.cpp	1822	2160	1528	83.86	70.74
265857-ImHubery.cpp	269642-ImHubery.cpp	1822	2164	1528	83.86	70.61
265857-ImHubery.cpp	269909-ImHubery.cpp	1822	1849	1431	78.54	77.39
265861-ImHubery.cpp	266059-ImHubery.cpp	2006	1860	1300	64.81	69.89
265861-ImHubery.cpp	266114-ImHubery.cpp	2006	1819	1287	64.16	70.75
265861-ImHubery.cpp	266332-ImHubery.cpp	2006	1874	1252	62.41	66.81
265861-ImHubery.cpp	266458-ImHubery.cpp	2006	1660	1251	62.36	75.36
265861-ImHubery.cpp	267258-ImHubery.cpp	2006	1459	1302	64.91	89.24
265861-ImHubery.cpp	268468-ImHubery.cpp	2006	2357	1486	74.08	63.05
265861-ImHubery.cpp	269619-ImHubery.cpp	2006	2160	1607	80.11	74.40
265861-ImHubery.cpp	269628-ImHubery.cpp	2006	2160	1607	80.11	74.40
265861-ImHubery.cpp	269642-ImHubery.cpp	2006	2164	1607	80.11	74.26
265861-ImHubery.cpp	269909-ImHubery.cpp	2006	1849	1507	75.12	81.50
265875-2020050904015.cpp	266313-2020050904015.cpp	885	809	603	68.14	74.54
265875-2020050904015.cpp	267877-UESTC-lzy.cpp	885	860	551	62.26	64.07
265876-an_interesting_name.cpp	267027-an_interesting_name.cpp	1030	1308	934	90.68	71.41
265876-an_interesting_name.cpp	269883-qiao.cpp	1030	1003	660	64.08	65.80
265877-End_donkey.cpp	265898-cidai.cpp	816	894	689	84.44	77.07
265877-End_donkey.cpp	265938-Justcyl_.cpp	816	817	502	61.52	61.44
265877-End_donkey.cpp	266765-Bob_Wang.cpp	816	847	584	71.57	68.95
265877-End_donkey.cpp	267254-cidai.cpp	816	1124	679	83.21	60.41
265877-End_donkey.cpp	268495-FleurDeLys.cpp	816	849	519	63.60	61.13
265877-End_donkey.cpp	268597-polaris.cpp	816	783	542	66.42	69.22
265888-trensetter.cpp	266306-trensetter.cpp	1434	1024	880	61.37	85.94
265898-cidai.cpp	265925-trensetter.cpp	894	935	573	64.09	61.28
265898-cidai.cpp	266765-Bob_Wang.cpp	894	847	571	63.87	67.41
265898-cidai.cpp	267129-Lyc1.cpp	894	939	570	63.76	60.70
265898-cidai.cpp	267254-cidai.cpp	894	1124	856	95.75	76.16
265898-cidai.cpp	267851-UESTC-lzy.cpp	894	953	611	68.34	64.11
265898-cidai.cpp	268495-FleurDeLys.cpp	894	849	539	60.29	63.49
265898-cidai.cpp	268597-polaris.cpp	894	783	539	60.29	68.84
265898-cidai.cpp	268897-KGH_1.cpp	894	873	538	60.18	61.63
265909-End_donkey.cpp	266131-LevenKoko.cpp	907	886	563	62.07	63.54
265909-End_donkey.cpp	266165-LevenKoko.cpp	907	900	593	65.38	65.89
265909-End_donkey.cpp	266271-End_donkey.cpp	907	1034	661	72.88	63.93
265914-LevenKoko.cpp	266158-2021020910025李尚融.cpp	1092	1061	703	64.38	66.26
265914-LevenKoko.cpp	271293-Llf0703.cpp	1092	1052	684	62.64	65.02
265922-LRL52.cpp	270007-LRL52.cpp	2334	2077	1455	62.34	70.05
265922-LRL52.cpp	270021-LRL52.cpp	2334	2103	1454	62.30	69.14
265922-LRL52.cpp	273944-liu_sc.cpp	2334	2336	1504	64.44	64.38
265938-Justcyl_.cpp	266495-bhllx.cpp	817	849	515	63.04	60.66
265938-Justcyl_.cpp	266731-Je3ter.cpp	817	888	552	67.56	62.16
265938-Justcyl_.cpp	266765-Bob_Wang.cpp	817	847	534	65.36	63.05
265938-Justcyl_.cpp	268495-FleurDeLys.cpp	817	849	534	65.36	62.90
265938-Justcyl_.cpp	268597-polaris.cpp	817	783	524	64.14	66.92
265938-Justcyl_.cpp	270190-qiao.cpp	817	959	590	72.22	61.52
265938-Justcyl_.cpp	270324-skyliyu.cpp	817	856	623	76.25	72.78
265939-2021080911003.cpp	268948-F_know.cpp	1293	1215	958	74.09	78.85
265939-2021080911003.cpp	273752-2021090923005唐玉豪.cpp	1293	1215	958	74.09	78.85
265939-2021080911003.cpp	274042-2021090923005唐玉豪.cpp	1293	1191	956	73.94	80.27
265950-LRL52.cpp	265986-LRL52.cpp	1167	1175	1103	94.52	93.87
265963-XCYTFG.cpp	266003-XCYTFG.cpp	2040	1610	1280	62.75	79.50
265963-XCYTFG.cpp	266359-XCYTFG.cpp	2040	1834	1252	61.37	68.27
265963-XCYTFG.cpp	270003-XCYTFG.cpp	2040	1862	1372	67.25	73.68
265963-XCYTFG.cpp	270138-XCYTFG.cpp	2040	1872	1348	66.08	72.01
265963-XCYTFG.cpp	270140-XCYTFG.cpp	2040	1881	1351	66.23	71.82
265980-ciwomuli.cpp	266035-ciwomuli.cpp	1305	1399	1239	94.94	88.56
265994-frostylight.cpp	267505-彭皓2021080905015.cpp	862	749	518	60.09	69.16
265994-frostylight.cpp	268500-hutcber.cpp	862	871	527	61.14	60.51
265994-frostylight.cpp	269522-qiao.cpp	862	774	518	60.09	66.93
265994-frostylight.cpp	270270-skyliyu.cpp	862	780	549	63.69	70.38
265994-frostylight.cpp	271825-2020090909023.cpp	862	824	558	64.73	67.72
265994-frostylight.cpp	273591-End_donkey.cpp	862	928	560	64.97	60.34
265995-ciwomuli.cpp	267765-qiao.cpp	884	814	545	61.65	66.95
265996-汪一奇2021190505027.cpp	266289-Divinitist.cpp	781	791	494	63.25	62.45
265996-汪一奇2021190505027.cpp	266430-汪一奇2021190505027.cpp	781	793	485	62.10	61.16
265996-汪一奇2021190505027.cpp	270526-汪一奇2021190505027.cpp	781	793	485	62.10	61.16
265999-ciwomuli.cpp	266022-ciwomuli.cpp	794	1091	737	92.82	67.55
266001-2020050904015.cpp	266055-秋阳锅锅.cpp	968	863	661	68.29	76.59
266001-2020050904015.cpp	269513-UESTC-lzy.cpp	968	884	603	62.29	68.21
266003-XCYTFG.cpp	266016-XCYTFG.cpp	1610	1456	1145	71.12	78.64
266003-XCYTFG.cpp	266031-XCYTFG.cpp	1610	1441	1139	70.75	79.04
266003-XCYTFG.cpp	266359-XCYTFG.cpp	1610	1834	1212	75.28	66.09
266003-XCYTFG.cpp	266361-XCYTFG.cpp	1610	1824	1180	73.29	64.69
266003-XCYTFG.cpp	266404-XCYTFG.cpp	1610	1374	1121	69.63	81.59
266003-XCYTFG.cpp	269505-XCYTFG.cpp	1610	1756	1073	66.65	61.10
266003-XCYTFG.cpp	270003-XCYTFG.cpp	1610	1862	1297	80.56	69.66
266003-XCYTFG.cpp	270138-XCYTFG.cpp	1610	1872	1292	80.25	69.02
266003-XCYTFG.cpp	270140-XCYTFG.cpp	1610	1881	1292	80.25	68.69
266003-XCYTFG.cpp	270683-XCYTFG.cpp	1610	1741	1067	66.27	61.29
266010-IrisHyaline.cpp	266193-Divinitist.cpp	967	949	595	61.53	62.70
266010-IrisHyaline.cpp	266765-Bob_Wang.cpp	967	847	625	64.63	73.79
266010-IrisHyaline.cpp	267720-charming.cpp	967	1020	689	71.25	67.55
266010-IrisHyaline.cpp	267851-UESTC-lzy.cpp	967	953	597	61.74	62.64
266010-IrisHyaline.cpp	268597-polaris.cpp	967	783	589	60.91	75.22
266010-IrisHyaline.cpp	270190-qiao.cpp	967	959	611	63.19	63.71
266016-XCYTFG.cpp	266031-XCYTFG.cpp	1456	1441	1120	76.92	77.72
266016-XCYTFG.cpp	266359-XCYTFG.cpp	1456	1834	1150	78.98	62.70
266016-XCYTFG.cpp	266361-XCYTFG.cpp	1456	1824	1149	78.91	62.99
266016-XCYTFG.cpp	266404-XCYTFG.cpp	1456	1374	1098	75.41	79.91
266016-XCYTFG.cpp	269505-XCYTFG.cpp	1456	1756	1078	74.04	61.39
266016-XCYTFG.cpp	270003-XCYTFG.cpp	1456	1862	1174	80.63	63.05
266016-XCYTFG.cpp	270138-XCYTFG.cpp	1456	1872	1183	81.25	63.19
266016-XCYTFG.cpp	270140-XCYTFG.cpp	1456	1881	1185	81.39	63.00
266016-XCYTFG.cpp	270683-XCYTFG.cpp	1456	1741	1058	72.66	60.77
266019-an_interesting_name.cpp	266307-2021080911003.cpp	821	914	549	66.87	60.07
266019-an_interesting_name.cpp	267765-qiao.cpp	821	814	521	63.46	64.00
266031-XCYTFG.cpp	266359-XCYTFG.cpp	1441	1834	1203	83.48	65.59
266031-XCYTFG.cpp	266361-XCYTFG.cpp	1441	1824	1192	82.72	65.35
266031-XCYTFG.cpp	266404-XCYTFG.cpp	1441	1374	1209	83.90	87.99
266031-XCYTFG.cpp	269505-XCYTFG.cpp	1441	1756	1067	74.05	60.76
266031-XCYTFG.cpp	270003-XCYTFG.cpp	1441	1862	1152	79.94	61.87
266031-XCYTFG.cpp	270138-XCYTFG.cpp	1441	1872	1166	80.92	62.29
266031-XCYTFG.cpp	270140-XCYTFG.cpp	1441	1881	1166	80.92	61.99
266036-Justcyl_.cpp	266775-Sfukin.cpp	815	811	515	63.19	63.50
266036-Justcyl_.cpp	270263-IrisHyaline.cpp	815	792	503	61.72	63.51
266055-秋阳锅锅.cpp	267349-Lyc1.cpp	863	887	613	71.03	69.11
266055-秋阳锅锅.cpp	269513-UESTC-lzy.cpp	863	884	710	82.27	80.32
266055-秋阳锅锅.cpp	270056-qiao.cpp	863	903	609	70.57	67.44
266059-ImHubery.cpp	266114-ImHubery.cpp	1860	1819	1252	67.31	68.83
266059-ImHubery.cpp	266332-ImHubery.cpp	1860	1874	1257	67.58	67.08
266059-ImHubery.cpp	266458-ImHubery.cpp	1860	1660	1247	67.04	75.12
266059-ImHubery.cpp	267160-ImHubery.cpp	1860	1690	1196	64.30	70.77
266059-ImHubery.cpp	267258-ImHubery.cpp	1860	1459	1211	65.11	83.00
266059-ImHubery.cpp	269909-ImHubery.cpp	1860	1849	1297	69.73	70.15
266059-ImHubery.cpp	270692-ImHubery.cpp	1860	2218	1359	73.06	61.27
266059-ImHubery.cpp	273447-ImHubery.cpp	1860	2173	1315	70.70	60.52
266061-frostylight.cpp	266255-SOSCHINA.cpp	943	905	670	71.05	74.03
266061-frostylight.cpp	268525-buzhibujue.cpp	943	934	587	62.25	62.85
266061-frostylight.cpp	269808-cxy20220105.cpp	943	968	582	61.72	60.12
266061-frostylight.cpp	273146-VictoryCzt.cpp	943	986	610	64.69	61.87
266061-frostylight.cpp	273679-tk_sky.cpp	943	966	582	61.72	60.25
266069-2021020910025李尚融.cpp	266158-2021020910025李尚融.cpp	966	1061	648	67.08	61.07
266069-2021020910025李尚融.cpp	266224-2021020910025李尚融.cpp	966	1280	783	81.06	61.17
266069-2021020910025李尚融.cpp	266285-2021020910025李尚融.cpp	966	1240	824	85.30	66.45
266069-2021020910025李尚融.cpp	266314-2021020910025李尚融.cpp	966	968	762	78.88	78.72
266069-2021020910025李尚融.cpp	266863-2021020910025李尚融.cpp	966	800	655	67.81	81.88
266101-VictoryCzt.cpp	266976-Believe_zzn.cpp	921	866	756	82.08	87.30
266101-VictoryCzt.cpp	266977-Believe_zzn.cpp	921	866	757	82.19	87.41
266101-VictoryCzt.cpp	270247-IrisHyaline.cpp	921	863	569	61.78	65.93
266114-ImHubery.cpp	266332-ImHubery.cpp	1819	1874	1224	67.29	65.31
266114-ImHubery.cpp	266458-ImHubery.cpp	1819	1660	1184	65.09	71.33
266114-ImHubery.cpp	267160-ImHubery.cpp	1819	1690	1176	64.65	69.59
266114-ImHubery.cpp	267258-ImHubery.cpp	1819	1459	1236	67.95	84.72
266114-ImHubery.cpp	269619-ImHubery.cpp	1819	2160	1321	72.62	61.16
266114-ImHubery.cpp	269628-ImHubery.cpp	1819	2160	1321	72.62	61.16
266114-ImHubery.cpp	269642-ImHubery.cpp	1819	2164	1321	72.62	61.04
266114-ImHubery.cpp	269909-ImHubery.cpp	1819	1849	1276	70.15	69.01
266117-Nelson_zsj.cpp	269883-qiao.cpp	992	1003	631	63.61	62.91
266117-Nelson_zsj.cpp	274017-yukinoshita-yukino.cpp	992	954	625	63.00	65.51
266131-LevenKoko.cpp	266148-LevenKoko.cpp	886	1009	631	71.22	62.54
266131-LevenKoko.cpp	266165-LevenKoko.cpp	886	900	722	81.49	80.22
266131-LevenKoko.cpp	266319-LevenKoko.cpp	886	1022	624	70.43	61.06
266131-LevenKoko.cpp	267896-millope.cpp	886	1022	651	73.48	63.70
266148-LevenKoko.cpp	266165-LevenKoko.cpp	1009	900	631	62.54	70.11
266148-LevenKoko.cpp	266193-Divinitist.cpp	1009	949	628	62.24	66.17
266148-LevenKoko.cpp	266319-LevenKoko.cpp	1009	1022	678	67.20	66.34
266148-LevenKoko.cpp	267922-millope.cpp	1009	986	698	69.18	70.79
266148-LevenKoko.cpp	272083-LevenKoko.cpp	1009	1167	710	70.37	60.84
266158-2021020910025李尚融.cpp	266314-2021020910025李尚融.cpp	1061	968	646	60.89	66.74
266158-2021020910025李尚融.cpp	271293-Llf0703.cpp	1061	1052	639	60.23	60.74
266165-LevenKoko.cpp	266319-LevenKoko.cpp	900	1022	634	70.44	62.04
266174-SOSCHINA.cpp	266438-Justcyl_.cpp	1256	1218	779	62.02	63.96
266174-SOSCHINA.cpp	269550-Sfukin.cpp	1256	1292	777	61.86	60.14
266174-SOSCHINA.cpp	271848-UESTC-lzy.cpp	1256	1197	765	60.91	63.91
266174-SOSCHINA.cpp	273117-End_donkey.cpp	1256	1312	860	68.47	65.55
266174-SOSCHINA.cpp	273169-秋阳锅锅.cpp	1256	1211	830	66.08	68.54
266174-SOSCHINA.cpp	273391-bhllx.cpp	1256	1364	828	65.92	60.70
266183-张少禹2021080905001.cpp	266413-张少禹2021080905001.cpp	1390	1412	859	61.80	60.84
266183-张少禹2021080905001.cpp	266473-张少禹2021080905001.cpp	1390	1209	854	61.44	70.64
266183-张少禹2021080905001.cpp	267116-张少禹2021080905001.cpp	1390	1300	858	61.73	66.00
266193-Divinitist.cpp	266958-Believe_zzn.cpp	949	1072	654	68.91	61.01
266193-Divinitist.cpp	267158-Pursuing.cpp	949	900	573	60.38	63.67
266193-Divinitist.cpp	267922-millope.cpp	949	986	668	70.39	67.75
266202-PeaHaWf.cpp	266725-PeaHaWf.cpp	1411	1567	1048	74.27	66.88
266202-PeaHaWf.cpp	267463-PeaHaWf.cpp	1411	1550	1073	76.05	69.23
266221-2021080911003.cpp	273351-Lyc1.cpp	1870	1784	1277	68.29	71.58
266224-2021020910025李尚融.cpp	266285-2021020910025李尚融.cpp	1280	1240	826	64.53	66.61
266224-2021020910025李尚融.cpp	266314-2021020910025李尚融.cpp	1280	968	802	62.66	82.85
266255-SOSCHINA.cpp	268525-buzhibujue.cpp	905	934	581	64.20	62.21
266255-SOSCHINA.cpp	270269-秋阳锅锅.cpp	905	824	547	60.44	66.38
266255-SOSCHINA.cpp	270302-UESTC-lzy.cpp	905	780	546	60.33	70.00
266255-SOSCHINA.cpp	273146-VictoryCzt.cpp	905	986	629	69.50	63.79
266257-clouds.cpp	266322-clouds.cpp	699	657	573	81.97	87.21
266257-clouds.cpp	266644-cxy20220105.cpp	699	776	503	71.96	64.82
266257-clouds.cpp	269800-clouds.cpp	699	819	554	79.26	67.64
266257-clouds.cpp	271843-skyliyu.cpp	699	714	429	61.37	60.08
266271-End_donkey.cpp	266319-LevenKoko.cpp	1034	1022	704	68.09	68.88
266271-End_donkey.cpp	266881-Llf0703.cpp	1034	1062	684	66.15	64.41
266273-huyulin.cpp	267549-huyulin.cpp	799	789	557	69.71	70.60
266281-clouds.cpp	266798-Pursuing.cpp	795	954	574	72.20	60.17
266281-clouds.cpp	266848-Sfukin.cpp	795	820	509	64.03	62.07
266281-clouds.cpp	269384-FleurDeLys.cpp	795	914	551	69.31	60.28
266281-clouds.cpp	269808-cxy20220105.cpp	795	968	605	76.10	62.50
266281-clouds.cpp	270269-秋阳锅锅.cpp	795	824	508	63.90	61.65
266281-clouds.cpp	270302-UESTC-lzy.cpp	795	780	491	61.76	62.95
266281-clouds.cpp	270636-qiao.cpp	795	857	566	71.19	66.04
266281-clouds.cpp	273658-Yaossg.cpp	795	773	487	61.26	63.00
266285-2021020910025李尚融.cpp	266314-2021020910025李尚融.cpp	1240	968	817	65.89	84.40
266285-2021020910025李尚融.cpp	269860-2021020910025李尚融.cpp	1240	1364	835	67.34	61.22
266287-frostylight.cpp	268186-SOSCHINA.cpp	1164	1020	746	64.09	73.14
266313-2020050904015.cpp	267377-Lyc1.cpp	809	683	494	61.06	72.33
266313-2020050904015.cpp	267428-Lyc1.cpp	809	738	497	61.43	67.34
266313-2020050904015.cpp	269775-2020050904015.cpp	809	661	547	67.61	82.75
266314-2021020910025李尚融.cpp	266863-2021020910025李尚融.cpp	968	800	692	71.49	86.50
266315-clouds.cpp	266495-bhllx.cpp	823	849	548	66.59	64.55
266315-clouds.cpp	266731-Je3ter.cpp	823	888	571	69.38	64.30
266315-clouds.cpp	266765-Bob_Wang.cpp	823	847	523	63.55	61.75
266315-clouds.cpp	267158-Pursuing.cpp	823	900	607	73.75	67.44
266315-clouds.cpp	267773-785475689.cpp	823	888	552	67.07	62.16
266315-clouds.cpp	268597-polaris.cpp	823	783	576	69.99	73.56
266319-LevenKoko.cpp	266881-Llf0703.cpp	1022	1062	677	66.24	63.75
266319-LevenKoko.cpp	268292-LevenKoko.cpp	1022	1343	825	80.72	61.43
266319-LevenKoko.cpp	268305-LevenKoko.cpp	1022	1366	829	81.12	60.69
266319-LevenKoko.cpp	272083-LevenKoko.cpp	1022	1167	770	75.34	65.98
266321-汪一奇2021190505027.cpp	266323-汪一奇2021190505027.cpp	958	956	956	99.79	100.00
266321-汪一奇2021190505027.cpp	266380-carlchen666.cpp	958	999	695	72.55	69.57
266321-汪一奇2021190505027.cpp	266731-Je3ter.cpp	958	888	580	60.54	65.32
266321-汪一奇2021190505027.cpp	267158-Pursuing.cpp	958	900	589	61.48	65.44
266321-汪一奇2021190505027.cpp	267720-charming.cpp	958	1020	623	65.03	61.08
266321-汪一奇2021190505027.cpp	267773-785475689.cpp	958	888	578	60.33	65.09
266321-汪一奇2021190505027.cpp	270190-qiao.cpp	958	959	665	69.42	69.34
266321-汪一奇2021190505027.cpp	270324-skyliyu.cpp	958	856	613	63.99	71.61
266321-汪一奇2021190505027.cpp	274230-2021080908030.cpp	958	1021	637	66.49	62.39
266322-clouds.cpp	266644-cxy20220105.cpp	657	776	469	71.39	60.44
266322-clouds.cpp	269800-clouds.cpp	657	819	607	92.39	74.11
266323-汪一奇2021190505027.cpp	266380-carlchen666.cpp	956	999	695	72.70	69.57
266323-汪一奇2021190505027.cpp	266731-Je3ter.cpp	956	888	580	60.67	65.32
266323-汪一奇2021190505027.cpp	267158-Pursuing.cpp	956	900	589	61.61	65.44
266323-汪一奇2021190505027.cpp	267720-charming.cpp	956	1020	622	65.06	60.98
266323-汪一奇2021190505027.cpp	267773-785475689.cpp	956	888	578	60.46	65.09
266323-汪一奇2021190505027.cpp	270190-qiao.cpp	956	959	665	69.56	69.34
266323-汪一奇2021190505027.cpp	270324-skyliyu.cpp	956	856	613	64.12	71.61
266323-汪一奇2021190505027.cpp	274230-2021080908030.cpp	956	1021	637	66.63	62.39
266332-ImHubery.cpp	266458-ImHubery.cpp	1874	1660	1225	65.37	73.80
266332-ImHubery.cpp	267160-ImHubery.cpp	1874	1690	1249	66.65	73.91
266332-ImHubery.cpp	267258-ImHubery.cpp	1874	1459	1169	62.38	80.12
266332-ImHubery.cpp	269619-ImHubery.cpp	1874	2160	1312	70.01	60.74
266332-ImHubery.cpp	269628-ImHubery.cpp	1874	2160	1311	69.96	60.69
266332-ImHubery.cpp	269642-ImHubery.cpp	1874	2164	1311	69.96	60.58
266332-ImHubery.cpp	269909-ImHubery.cpp	1874	1849	1261	67.29	68.20
266332-ImHubery.cpp	270692-ImHubery.cpp	1874	2218	1351	72.09	60.91
266332-ImHubery.cpp	272429-ImHubery.cpp	1874	2204	1365	72.84	61.93
266332-ImHubery.cpp	273447-ImHubery.cpp	1874	2173	1444	77.05	66.45
266355-lotato.cpp	270212-lotato.cpp	3364	3364	3364	100.00	100.00
266359-XCYTFG.cpp	266361-XCYTFG.cpp	1834	1824	1743	95.04	95.56
266359-XCYTFG.cpp	266404-XCYTFG.cpp	1834	1374	1198	65.32	87.19
266359-XCYTFG.cpp	267310-XCYTFG.cpp	1834	2601	1741	94.93	66.94
266359-XCYTFG.cpp	269201-XCYTFG.cpp	1834	2592	1739	94.82	67.09
266359-XCYTFG.cpp	269505-XCYTFG.cpp	1834	1756	1138	62.05	64.81
266359-XCYTFG.cpp	270003-XCYTFG.cpp	1834	1862	1254	68.38	67.35
266359-XCYTFG.cpp	270138-XCYTFG.cpp	1834	1872	1254	68.38	66.99
266359-XCYTFG.cpp	270140-XCYTFG.cpp	1834	1881	1254	68.38	66.67
266359-XCYTFG.cpp	270683-XCYTFG.cpp	1834	1741	1139	62.10	65.42
266361-XCYTFG.cpp	266404-XCYTFG.cpp	1824	1374	1184	64.91	86.17
266361-XCYTFG.cpp	267310-XCYTFG.cpp	1824	2601	1735	95.12	66.71
266361-XCYTFG.cpp	269201-XCYTFG.cpp	1824	2592	1735	95.12	66.94
266361-XCYTFG.cpp	269505-XCYTFG.cpp	1824	1756	1108	60.75	63.10
266361-XCYTFG.cpp	270003-XCYTFG.cpp	1824	1862	1223	67.05	65.68
266361-XCYTFG.cpp	270138-XCYTFG.cpp	1824	1872	1231	67.49	65.76
266361-XCYTFG.cpp	270140-XCYTFG.cpp	1824	1881	1232	67.54	65.50
266361-XCYTFG.cpp	270683-XCYTFG.cpp	1824	1741	1116	61.18	64.10
266364-Lyc1.cpp	267877-UESTC-lzy.cpp	823	860	582	70.72	67.67
266375-LiZnB.cpp	268317-LiZnB.cpp	2407	2414	2407	100.00	99.71
266375-LiZnB.cpp	268571-LiZnB.cpp	2407	2700	1743	72.41	64.56
266380-carlchen666.cpp	266731-Je3ter.cpp	999	888	609	60.96	68.58
266380-carlchen666.cpp	270190-qiao.cpp	999	959	627	62.76	65.38
266380-carlchen666.cpp	270324-skyliyu.cpp	999	856	604	60.46	70.56
266388-fez小马哥.cpp	266412-fez小马哥.cpp	781	781	781	100.00	100.00
266392-彭皓2021080905015.cpp	269870-嵇康大大.cpp	1012	1021	613	60.57	60.04
266392-彭皓2021080905015.cpp	274174-嵇康大大.cpp	1012	1021	613	60.57	60.04
266404-XCYTFG.cpp	269505-XCYTFG.cpp	1374	1756	1066	77.58	60.71
266404-XCYTFG.cpp	270003-XCYTFG.cpp	1374	1862	1139	82.90	61.17
266406-carlchen666.cpp	266407-carlchen666.cpp	752	752	751	99.87	99.87
266406-carlchen666.cpp	266423-carlchen666.cpp	752	747	565	75.13	75.64
266407-carlchen666.cpp	266423-carlchen666.cpp	752	747	565	75.13	75.64
266413-张少禹2021080905001.cpp	266473-张少禹2021080905001.cpp	1412	1209	952	67.42	78.74
266413-张少禹2021080905001.cpp	266554-张少禹2021080905001.cpp	1412	1234	898	63.60	72.77
266413-张少禹2021080905001.cpp	267116-张少禹2021080905001.cpp	1412	1300	925	65.51	71.15
266413-张少禹2021080905001.cpp	268728-张少禹2021080905001.cpp	1412	1535	939	66.50	61.17
266414-Pursuing.cpp	266430-汪一奇2021190505027.cpp	841	793	517	61.47	65.20
266414-Pursuing.cpp	266644-cxy20220105.cpp	841	776	522	62.07	67.27
266414-Pursuing.cpp	266890-Pursuing.cpp	841	913	638	75.86	69.88
266414-Pursuing.cpp	270526-汪一奇2021190505027.cpp	841	793	517	61.47	65.20
266414-Pursuing.cpp	273221-2021090923005唐玉豪.cpp	841	809	507	60.29	62.67
266421-碧天清晓.cpp	266425-碧天清晓.cpp	1216	1152	868	71.38	75.35
266430-汪一奇2021190505027.cpp	266644-cxy20220105.cpp	793	776	549	69.23	70.75
266430-汪一奇2021190505027.cpp	266749-Divinitist.cpp	793	820	492	62.04	60.00
266430-汪一奇2021190505027.cpp	270391-tk_sky.cpp	793	741	477	60.15	64.37
266430-汪一奇2021190505027.cpp	270526-汪一奇2021190505027.cpp	793	793	793	100.00	100.00
266430-汪一奇2021190505027.cpp	273221-2021090923005唐玉豪.cpp	793	809	542	68.35	67.00
266437-Je3ter.cpp	274144-罗浩洋2020090909015.cpp	901	975	619	68.70	63.49
266438-Justcyl_.cpp	269550-Sfukin.cpp	1218	1292	785	64.45	60.76
266438-Justcyl_.cpp	271848-UESTC-lzy.cpp	1218	1197	767	62.97	64.08
266438-Justcyl_.cpp	273117-End_donkey.cpp	1218	1312	894	73.40	68.14
266438-Justcyl_.cpp	273169-秋阳锅锅.cpp	1218	1211	807	66.26	66.64
266440-YEWPO.cpp	266515-YEWPO.cpp	1157	1101	751	64.91	68.21
266440-YEWPO.cpp	266591-YEWPO.cpp	1157	1145	986	85.22	86.11
266440-YEWPO.cpp	269999-YEWPO.cpp	1157	1108	696	60.16	62.82
266458-ImHubery.cpp	267160-ImHubery.cpp	1660	1690	1210	72.89	71.60
266458-ImHubery.cpp	267258-ImHubery.cpp	1660	1459	1164	70.12	79.78
266458-ImHubery.cpp	269909-ImHubery.cpp	1660	1849	1277	76.93	69.06
266473-张少禹2021080905001.cpp	266554-张少禹2021080905001.cpp	1209	1234	895	74.03	72.53
266473-张少禹2021080905001.cpp	267116-张少禹2021080905001.cpp	1209	1300	1092	90.32	84.00
266475-bhllx.cpp	270040-bhllx.cpp	800	798	506	63.25	63.41
266475-bhllx.cpp	270263-IrisHyaline.cpp	800	792	486	60.75	61.36
266495-bhllx.cpp	266765-Bob_Wang.cpp	849	847	567	66.78	66.94
266495-bhllx.cpp	267773-785475689.cpp	849	888	546	64.31	61.49
266495-bhllx.cpp	268597-polaris.cpp	849	783	575	67.73	73.44
266515-YEWPO.cpp	266591-YEWPO.cpp	1101	1145	761	69.12	66.46
266515-YEWPO.cpp	267922-millope.cpp	1101	986	671	60.94	68.05
266515-YEWPO.cpp	269999-YEWPO.cpp	1101	1108	701	63.67	63.27
266520-2021080911003.cpp	268207-Je3ter.cpp	939	964	581	61.87	60.27
266520-2021080911003.cpp	268345-2021080911003.cpp	939	939	936	99.68	99.68
266554-张少禹2021080905001.cpp	267116-张少禹2021080905001.cpp	1234	1300	882	71.47	67.85
266613-zxn_64.cpp	267164-Bob_Wang.cpp	830	823	507	61.08	61.60
266613-zxn_64.cpp	267333-charming.cpp	830	877	554	66.75	63.17
266613-zxn_64.cpp	268358-Knowledge.cpp	830	912	549	66.14	60.20
266613-zxn_64.cpp	268420-2021140901023.cpp	830	726	504	60.72	69.42
266613-zxn_64.cpp	270254-2021080908030.cpp	830	832	568	68.43	68.27
266613-zxn_64.cpp	270535-skyliyu.cpp	830	825	520	62.65	63.03
266613-zxn_64.cpp	274144-罗浩洋2020090909015.cpp	830	975	591	71.20	60.62
266626-cxy20220105.cpp	266627-nyml2003.cpp	815	960	588	72.15	61.25
266626-cxy20220105.cpp	266644-cxy20220105.cpp	815	776	614	75.34	79.12
266626-cxy20220105.cpp	267164-Bob_Wang.cpp	815	823	517	63.44	62.82
266626-cxy20220105.cpp	267854-Sfukin.cpp	815	777	489	60.00	62.93
266626-cxy20220105.cpp	268021-nyml2003.cpp	815	960	588	72.15	61.25
266626-cxy20220105.cpp	268567-buzhibujue.cpp	815	734	489	60.00	66.62
266626-cxy20220105.cpp	269800-clouds.cpp	815	819	522	64.05	63.74
266626-cxy20220105.cpp	270535-skyliyu.cpp	815	825	548	67.24	66.42
266627-nyml2003.cpp	267164-Bob_Wang.cpp	960	823	582	60.63	70.72
266627-nyml2003.cpp	268021-nyml2003.cpp	960	960	960	100.00	100.00
266627-nyml2003.cpp	272771-nyml2003.cpp	960	1169	793	82.60	67.84
266644-cxy20220105.cpp	266683-nyml2003.cpp	776	677	490	63.14	72.38
266644-cxy20220105.cpp	266749-Divinitist.cpp	776	820	494	63.66	60.24
266644-cxy20220105.cpp	266775-Sfukin.cpp	776	811	508	65.46	62.64
266644-cxy20220105.cpp	267198-NPHard.cpp	776	780	506	65.21	64.87
266644-cxy20220105.cpp	270263-IrisHyaline.cpp	776	792	512	65.98	64.65
266644-cxy20220105.cpp	270526-汪一奇2021190505027.cpp	776	793	549	70.75	69.23
266644-cxy20220105.cpp	271843-skyliyu.cpp	776	714	475	61.21	66.53
266644-cxy20220105.cpp	273221-2021090923005唐玉豪.cpp	776	809	582	75.00	71.94
266683-nyml2003.cpp	267377-Lyc1.cpp	677	683	417	61.60	61.05
266683-nyml2003.cpp	271843-skyliyu.cpp	677	714	434	64.11	60.78
266725-PeaHaWf.cpp	267463-PeaHaWf.cpp	1567	1550	1096	69.94	70.71
266725-PeaHaWf.cpp	269055-PeaHaWf.cpp	1567	2203	1401	89.41	63.60
266731-Je3ter.cpp	267158-Pursuing.cpp	888	900	576	64.86	64.00
266731-Je3ter.cpp	267773-785475689.cpp	888	888	571	64.30	64.30
266731-Je3ter.cpp	270190-qiao.cpp	888	959	629	70.83	65.59
266731-Je3ter.cpp	270324-skyliyu.cpp	888	856	576	64.86	67.29
266731-Je3ter.cpp	274230-2021080908030.cpp	888	1021	616	69.37	60.33
266749-Divinitist.cpp	267198-NPHard.cpp	820	780	507	61.83	65.00
266749-Divinitist.cpp	270526-汪一奇2021190505027.cpp	820	793	492	60.00	62.04
266749-Divinitist.cpp	270535-skyliyu.cpp	820	825	499	60.85	60.48
266764-Sfukin.cpp	267505-彭皓2021080905015.cpp	812	749	503	61.95	67.16
266764-Sfukin.cpp	267660-cxy20220105.cpp	812	769	501	61.70	65.15
266764-Sfukin.cpp	269522-qiao.cpp	812	774	489	60.22	63.18
266764-Sfukin.cpp	271900-2021090923005唐玉豪.cpp	812	689	534	65.76	77.50
266764-Sfukin.cpp	272545-Lyc1.cpp	812	693	490	60.34	70.71
266764-Sfukin.cpp	273359-zhimahuhu.cpp	812	722	531	65.39	73.55
266764-Sfukin.cpp	273838-785475689.cpp	812	815	504	62.07	61.84
266765-Bob_Wang.cpp	267158-Pursuing.cpp	847	900	547	64.58	60.78
266765-Bob_Wang.cpp	267720-charming.cpp	847	1020	628	74.14	61.57
266765-Bob_Wang.cpp	267773-785475689.cpp	847	888	567	66.94	63.85
266765-Bob_Wang.cpp	267922-millope.cpp	847	986	597	70.48	60.55
266765-Bob_Wang.cpp	268495-FleurDeLys.cpp	847	849	553	65.29	65.14
266765-Bob_Wang.cpp	268597-polaris.cpp	847	783	606	71.55	77.39
266765-Bob_Wang.cpp	268897-KGH_1.cpp	847	873	546	64.46	62.54
266765-Bob_Wang.cpp	270190-qiao.cpp	847	959	586	69.19	61.11
266765-Bob_Wang.cpp	270324-skyliyu.cpp	847	856	535	63.16	62.50
266775-Sfukin.cpp	267854-Sfukin.cpp	811	777	503	62.02	64.74
266798-Pursuing.cpp	268207-Je3ter.cpp	954	964	584	61.22	60.58
266825-Llf0703.cpp	266858-Llf0703.cpp	890	1021	734	82.47	71.89
266825-Llf0703.cpp	266881-Llf0703.cpp	890	1062	748	84.04	70.43
266842-Llf0703.cpp	266881-Llf0703.cpp	1254	1062	811	64.67	76.37
266848-Sfukin.cpp	270302-UESTC-lzy.cpp	820	780	495	60.37	63.46
266848-Sfukin.cpp	272159-2021140901023.cpp	820	813	493	60.12	60.64
266858-Llf0703.cpp	266881-Llf0703.cpp	1021	1062	712	69.74	67.04
266865-F_know.cpp	266866-F_know.cpp	1552	1787	1321	85.12	73.92
266865-F_know.cpp	266874-F_know.cpp	1552	1631	1148	73.97	70.39
266865-F_know.cpp	266876-F_know.cpp	1552	1502	1359	87.56	90.48
266865-F_know.cpp	266887-F_know.cpp	1552	1940	1358	87.50	70.00
266865-F_know.cpp	266906-F_know.cpp	1552	1823	1377	88.72	75.53
266865-F_know.cpp	266921-F_know.cpp	1552	1927	1377	88.72	71.46
266866-F_know.cpp	266874-F_know.cpp	1787	1631	1208	67.60	74.06
266866-F_know.cpp	266876-F_know.cpp	1787	1502	1297	72.58	86.35
266866-F_know.cpp	266887-F_know.cpp	1787	1940	1344	75.21	69.28
266866-F_know.cpp	266906-F_know.cpp	1787	1823	1313	73.48	72.02
266866-F_know.cpp	266921-F_know.cpp	1787	1927	1366	76.44	70.89
266866-F_know.cpp	268942-F_know.cpp	1787	2279	1562	87.41	68.54
266874-F_know.cpp	266876-F_know.cpp	1631	1502	1133	69.47	75.43
266874-F_know.cpp	266887-F_know.cpp	1631	1940	1201	73.64	61.91
266874-F_know.cpp	266906-F_know.cpp	1631	1823	1118	68.55	61.33
266874-F_know.cpp	266921-F_know.cpp	1631	1927	1210	74.19	62.79
266876-F_know.cpp	266887-F_know.cpp	1502	1940	1308	87.08	67.42
266876-F_know.cpp	266906-F_know.cpp	1502	1823	1374	91.48	75.37
266876-F_know.cpp	266921-F_know.cpp	1502	1927	1328	88.42	68.92
266881-Llf0703.cpp	267353-carlchen666.cpp	1062	1022	661	62.24	64.68
266881-Llf0703.cpp	268879-charming.cpp	1062	1032	642	60.45	62.21
266887-F_know.cpp	266906-F_know.cpp	1940	1823	1363	70.26	74.77
266887-F_know.cpp	266921-F_know.cpp	1940	1927	1827	94.18	94.81
266887-F_know.cpp	268936-F_know.cpp	1940	2375	1580	81.44	66.53
266887-F_know.cpp	268942-F_know.cpp	1940	2279	1428	73.61	62.66
266890-Pursuing.cpp	269567-Pursuing.cpp	913	1243	776	84.99	62.43
266894-unbengable.cpp	274355-unbengable.cpp	685	753	684	99.85	90.84
266906-F_know.cpp	266921-F_know.cpp	1823	1927	1371	75.21	71.15
266906-F_know.cpp	268936-F_know.cpp	1823	2375	1464	80.31	61.64
266921-F_know.cpp	268936-F_know.cpp	1927	2375	1590	82.51	66.95
266921-F_know.cpp	268942-F_know.cpp	1927	2279	1398	72.55	61.34
266955-Reese.cpp	268597-polaris.cpp	863	783	519	60.14	66.28
266955-Reese.cpp	268897-KGH_1.cpp	863	873	531	61.53	60.82
266955-Reese.cpp	270139-TONG5333.cpp	863	791	550	63.73	69.53
266955-Reese.cpp	270324-skyliyu.cpp	863	856	537	62.22	62.73
266955-Reese.cpp	271887-tk_sky.cpp	863	876	538	62.34	61.42
266958-Believe_zzn.cpp	273069-Jooanna.cpp	1072	973	685	63.90	70.40
266976-Believe_zzn.cpp	266977-Believe_zzn.cpp	866	866	865	99.88	99.88
266976-Believe_zzn.cpp	270247-IrisHyaline.cpp	866	863	537	62.01	62.22
266977-Believe_zzn.cpp	270247-IrisHyaline.cpp	866	863	538	62.12	62.34
267027-an_interesting_name.cpp	271774-End_donkey.cpp	1308	1194	808	61.77	67.67
267088-vv123.cpp	267427-vv123.cpp	654	613	595	90.98	97.06
267129-Lyc1.cpp	267851-UESTC-lzy.cpp	939	953	776	82.64	81.43
267158-Pursuing.cpp	267773-785475689.cpp	900	888	584	64.89	65.77
267158-Pursuing.cpp	268597-polaris.cpp	900	783	571	63.44	72.92
267158-Pursuing.cpp	274230-2021080908030.cpp	900	1021	659	73.22	64.54
267160-ImHubery.cpp	267258-ImHubery.cpp	1690	1459	1123	66.45	76.97
267160-ImHubery.cpp	269909-ImHubery.cpp	1690	1849	1217	72.01	65.82
267160-ImHubery.cpp	273447-ImHubery.cpp	1690	2173	1316	77.87	60.56
267163-kiraru.cpp	269281-kiraru.cpp	1727	1631	1271	73.60	77.93
267163-kiraru.cpp	269284-kiraru.cpp	1727	1717	1300	75.28	75.71
267163-kiraru.cpp	269289-kiraru.cpp	1727	1768	1291	74.75	73.02
267163-kiraru.cpp	269333-kiraru.cpp	1727	1674	1562	90.45	93.31
267163-kiraru.cpp	269818-kiraru.cpp	1727	1960	1486	86.05	75.82
267163-kiraru.cpp	270575-kiraru.cpp	1727	1585	1110	64.27	70.03
267163-kiraru.cpp	272078-kiraru.cpp	1727	1950	1499	86.80	76.87
267163-kiraru.cpp	272361-kiraru.cpp	1727	2480	1497	86.68	60.36
267163-kiraru.cpp	273945-kiraru.cpp	1727	1437	1089	63.06	75.78
267163-kiraru.cpp	273957-kiraru.cpp	1727	1391	1057	61.20	75.99
267163-kiraru.cpp	273970-kiraru.cpp	1727	1936	1499	86.80	77.43
267164-Bob_Wang.cpp	267167-Bob_Wang.cpp	823	831	564	68.53	67.87
267164-Bob_Wang.cpp	267854-Sfukin.cpp	823	777	497	60.39	63.96
267164-Bob_Wang.cpp	268021-nyml2003.cpp	823	960	582	70.72	60.63
267167-Bob_Wang.cpp	267198-NPHard.cpp	831	780	515	61.97	66.03
267168-Bob_Wang.cpp	268879-charming.cpp	1014	1032	650	64.10	62.98
267168-Bob_Wang.cpp	270636-qiao.cpp	1014	857	611	60.26	71.30
267198-NPHard.cpp	273221-2021090923005唐玉豪.cpp	780	809	500	64.10	61.80
267222-huyulin.cpp	271195-huyulin.cpp	870	836	833	95.75	99.64
267254-cidai.cpp	267256-cidai.cpp	1124	1103	691	61.48	62.65
267256-cidai.cpp	270399-cidai.cpp	1103	904	726	65.82	80.31
267258-ImHubery.cpp	269619-ImHubery.cpp	1459	2160	1326	90.88	61.39
267258-ImHubery.cpp	269628-ImHubery.cpp	1459	2160	1326	90.88	61.39
267258-ImHubery.cpp	269642-ImHubery.cpp	1459	2164	1326	90.88	61.28
267258-ImHubery.cpp	269909-ImHubery.cpp	1459	1849	1279	87.66	69.17
267308-unbengable.cpp	268596-unbengable.cpp	942	1242	750	79.62	60.39
267308-unbengable.cpp	269800-clouds.cpp	942	819	567	60.19	69.23
267308-unbengable.cpp	270619-unbengable.cpp	942	943	942	100.00	99.89
267310-XCYTFG.cpp	269201-XCYTFG.cpp	2601	2592	2571	98.85	99.19
267333-charming.cpp	270247-IrisHyaline.cpp	877	863	527	60.09	61.07
267349-Lyc1.cpp	269513-UESTC-lzy.cpp	887	884	548	61.78	61.99
267349-Lyc1.cpp	270074-嵇康大大.cpp	887	1029	647	72.94	62.88
267349-Lyc1.cpp	274089-嵇康大大.cpp	887	1029	647	72.94	62.88
267353-carlchen666.cpp	268207-Je3ter.cpp	1022	964	661	64.68	68.57
267353-carlchen666.cpp	269808-cxy20220105.cpp	1022	968	667	65.26	68.90
267353-carlchen666.cpp	274030-2021090923005唐玉豪.cpp	1022	1007	644	63.01	63.95
267361-2019050307011.cpp	267364-2019050307011.cpp	1066	1050	725	68.01	69.05
267364-2019050307011.cpp	268358-Knowledge.cpp	1050	912	632	60.19	69.30
267369-carlchen666.cpp	272690-汪一奇2021190505027.cpp	1046	1108	675	64.53	60.92
267369-carlchen666.cpp	272791-carlchen666.cpp	1046	958	873	83.46	91.13
267377-Lyc1.cpp	267428-Lyc1.cpp	683	738	584	85.51	79.13
267377-Lyc1.cpp	267791-UESTC-lzy.cpp	683	716	540	79.06	75.42
267377-Lyc1.cpp	268287-2021140901023.cpp	683	630	447	65.45	70.95
267377-Lyc1.cpp	269667-秋阳锅锅.cpp	683	753	595	87.12	79.02
267402-Knowledge.cpp	268045-Knowledge.cpp	1114	1132	776	69.66	68.55
267402-Knowledge.cpp	268052-Knowledge.cpp	1114	1162	795	71.36	68.42
267402-Knowledge.cpp	268072-Knowledge.cpp	1114	1235	780	70.02	63.16
267402-Knowledge.cpp	268133-Knowledge.cpp	1114	1310	841	75.49	64.20
267421-练锦烽2021090916026.cpp	267554-练锦烽2021090916026.cpp	1889	2943	1889	100.00	64.19
267428-Lyc1.cpp	267791-UESTC-lzy.cpp	738	716	529	71.68	73.88
267428-Lyc1.cpp	269667-秋阳锅锅.cpp	738	753	552	74.80	73.31
267485-charming.cpp	269611-charming.cpp	635	606	412	64.88	67.99
267505-彭皓2021080905015.cpp	267660-cxy20220105.cpp	749	769	498	66.49	64.76
267505-彭皓2021080905015.cpp	267664-Bob_Wang.cpp	749	971	614	81.98	63.23
267505-彭皓2021080905015.cpp	269154-Nelson_zsj.cpp	749	903	556	74.23	61.57
267505-彭皓2021080905015.cpp	269280-Pursuing.cpp	749	814	513	68.49	63.02
267505-彭皓2021080905015.cpp	269522-qiao.cpp	749	774	565	75.43	73.00
267505-彭皓2021080905015.cpp	271900-2021090923005唐玉豪.cpp	749	689	570	76.10	82.73
267505-彭皓2021080905015.cpp	272545-Lyc1.cpp	749	693	550	73.43	79.37
267505-彭皓2021080905015.cpp	273359-zhimahuhu.cpp	749	722	571	76.23	79.09
267505-彭皓2021080905015.cpp	273360-zhimahuhu.cpp	749	863	535	71.43	61.99
267527-练锦烽2021090916026.cpp	272742-2021090923005唐玉豪.cpp	1488	1488	1488	100.00	100.00
267527-练锦烽2021090916026.cpp	273411-BloodyButterfly.cpp	1488	1639	1178	79.17	71.87
267527-练锦烽2021090916026.cpp	273490-polaris.cpp	1488	1318	993	66.73	75.34
267541-huyulin.cpp	271243-huyulin.cpp	1333	1022	1020	76.52	99.80
267566-NPHard.cpp	268975-NPHard.cpp	1091	1134	741	67.92	65.34
267593-LRL52.cpp	267674-LRL52.cpp	1984	1985	1351	68.09	68.06
267660-cxy20220105.cpp	269280-Pursuing.cpp	769	814	515	66.97	63.27
267660-cxy20220105.cpp	269522-qiao.cpp	769	774	506	65.80	65.37
267660-cxy20220105.cpp	271900-2021090923005唐玉豪.cpp	769	689	528	68.66	76.63
267660-cxy20220105.cpp	272545-Lyc1.cpp	769	693	528	68.66	76.19
267660-cxy20220105.cpp	273359-zhimahuhu.cpp	769	722	531	69.05	73.55
267660-cxy20220105.cpp	273360-zhimahuhu.cpp	769	863	518	67.36	60.02
267660-cxy20220105.cpp	273838-785475689.cpp	769	815	509	66.19	62.45
267682-2020010911007.cpp	274230-2021080908030.cpp	940	1021	616	65.53	60.33
267687-嵇康大大.cpp	270263-IrisHyaline.cpp	834	792	513	61.51	64.77
267692-嵇康大大.cpp	274092-嵇康大大.cpp	532	522	522	98.12	100.00
267717-frostylight.cpp	269660-frostylight.cpp	1802	1965	1702	94.45	86.62
267717-frostylight.cpp	270153-frostylight.cpp	1802	1914	1609	89.29	84.06
267717-frostylight.cpp	270772-frostylight.cpp	1802	1656	1469	81.52	88.71
267720-charming.cpp	270190-qiao.cpp	1020	959	628	61.57	65.48
267720-charming.cpp	273842-Hasoram.cpp	1020	1093	689	67.55	63.04
267720-charming.cpp	274230-2021080908030.cpp	1020	1021	660	64.71	64.64
267754-qiao.cpp	267765-qiao.cpp	945	814	646	68.36	79.36
267773-785475689.cpp	268597-polaris.cpp	888	783	553	62.27	70.63
267773-785475689.cpp	274230-2021080908030.cpp	888	1021	613	69.03	60.04
267791-UESTC-lzy.cpp	267877-UESTC-lzy.cpp	716	860	518	72.35	60.23
267791-UESTC-lzy.cpp	269667-秋阳锅锅.cpp	716	753	600	83.80	79.68
267791-UESTC-lzy.cpp	270302-UESTC-lzy.cpp	716	780	474	66.20	60.77
267791-UESTC-lzy.cpp	270825-UESTC-lzy.cpp	716	551	446	62.29	80.94
267837-SOSCHINA.cpp	269408-Sfukin.cpp	716	585	442	61.73	75.56
267837-SOSCHINA.cpp	273643-2021090906010钟城伟.cpp	716	591	433	60.47	73.27
267870-charming.cpp	269591-charming.cpp	1389	1046	879	63.28	84.03
267896-millope.cpp	267922-millope.cpp	1022	986	641	62.72	65.01
267953-Sfukin.cpp	268491-buzhibujue.cpp	1049	966	630	60.06	65.22
267955-Hyscere.cpp	268060-Hyscere.cpp	1176	1400	846	71.94	60.43
267960-SOSCHINA.cpp	270393-UESTC-lzy.cpp	879	879	879	100.00	100.00
268021-nyml2003.cpp	272771-nyml2003.cpp	960	1169	793	82.60	67.84
268045-Knowledge.cpp	268052-Knowledge.cpp	1132	1162	936	82.69	80.55
268045-Knowledge.cpp	268072-Knowledge.cpp	1132	1235	1002	88.52	81.13
268052-Knowledge.cpp	268072-Knowledge.cpp	1162	1235	952	81.93	77.09
268072-Knowledge.cpp	268133-Knowledge.cpp	1235	1310	796	64.45	60.76
268072-Knowledge.cpp	268356-Knowledge.cpp	1235	1423	860	69.64	60.44
268186-SOSCHINA.cpp	271985-Llf0703.cpp	1020	1056	635	62.25	60.13
268207-Je3ter.cpp	269808-cxy20220105.cpp	964	968	584	60.58	60.33
268207-Je3ter.cpp	274030-2021090923005唐玉豪.cpp	964	1007	607	62.97	60.28
268284-Justcyl_.cpp	270334-Justcyl_.cpp	1173	1215	737	62.83	60.66
268292-LevenKoko.cpp	268305-LevenKoko.cpp	1343	1366	1343	100.00	98.32
268292-LevenKoko.cpp	272083-LevenKoko.cpp	1343	1167	831	61.88	71.21
268305-LevenKoko.cpp	272083-LevenKoko.cpp	1366	1167	831	60.83	71.21
268317-LiZnB.cpp	268571-LiZnB.cpp	2414	2700	1750	72.49	64.81
268325-unbengable.cpp	269799-unbengable.cpp	940	946	859	91.38	90.80
268351-remake114514.cpp	268381-2021080911003.cpp	1285	1142	789	61.40	69.09
268351-remake114514.cpp	270643-remake114514.cpp	1285	1009	1009	78.52	100.00
268358-Knowledge.cpp	270254-2021080908030.cpp	912	832	556	60.96	66.83
268358-Knowledge.cpp	274144-罗浩洋2020090909015.cpp	912	975	605	66.34	62.05
268367-785475689.cpp	269516-2021080911003.cpp	1158	1165	741	63.99	63.61
268381-2021080911003.cpp	271968-2021090906010钟城伟.cpp	1142	1104	899	78.72	81.43
268381-2021080911003.cpp	272621-罗浩洋2020090909015.cpp	1142	1092	759	66.46	69.51
268402-BloodyButterfly.cpp	270441-BloodyButterfly.cpp	539	582	447	82.93	76.80
268413-Llf0703.cpp	272396-Llf0703.cpp	1841	1756	1137	61.76	64.75
268420-2021140901023.cpp	269504-2021140901023.cpp	726	967	600	82.64	62.05
268444-Sfukin.cpp	270362-秋阳锅锅.cpp	1100	1064	715	65.00	67.20
268444-Sfukin.cpp	273803-cidai.cpp	1100	1047	687	62.45	65.62
268468-ImHubery.cpp	269619-ImHubery.cpp	2357	2160	1455	61.73	67.36
268468-ImHubery.cpp	269628-ImHubery.cpp	2357	2160	1453	61.65	67.27
268468-ImHubery.cpp	269642-ImHubery.cpp	2357	2164	1453	61.65	67.14
268468-ImHubery.cpp	270692-ImHubery.cpp	2357	2218	1471	62.41	66.32
268468-ImHubery.cpp	272429-ImHubery.cpp	2357	2204	1434	60.84	65.06
268468-ImHubery.cpp	273447-ImHubery.cpp	2357	2173	1491	63.26	68.61
268485-KGH_1.cpp	269078-KGH_1.cpp	1119	866	705	63.00	81.41
268488-LiZnB.cpp	268571-LiZnB.cpp	3073	2700	2631	85.62	97.44
268491-buzhibujue.cpp	268567-buzhibujue.cpp	966	734	659	68.22	89.78
268495-FleurDeLys.cpp	268597-polaris.cpp	849	783	570	67.14	72.80
268495-FleurDeLys.cpp	270324-skyliyu.cpp	849	856	579	68.20	67.64
268500-hutcber.cpp	269522-qiao.cpp	871	774	535	61.42	69.12
268500-hutcber.cpp	271825-2020090909023.cpp	871	824	570	65.44	69.17
268513-buzhibujue.cpp	268567-buzhibujue.cpp	718	734	554	77.16	75.48
268513-buzhibujue.cpp	270263-IrisHyaline.cpp	718	792	504	70.19	63.64
268513-buzhibujue.cpp	271843-skyliyu.cpp	718	714	440	61.28	61.62
268519-unbengable.cpp	268524-unbengable.cpp	1032	1088	999	96.80	91.82
268519-unbengable.cpp	268774-KGH_1.cpp	1032	974	649	62.89	66.63
268519-unbengable.cpp	268879-charming.cpp	1032	1032	621	60.17	60.17
268519-unbengable.cpp	269808-cxy20220105.cpp	1032	968	634	61.43	65.50
268519-unbengable.cpp	270363-polaris.cpp	1032	886	654	63.37	73.81
268519-unbengable.cpp	274030-2021090923005唐玉豪.cpp	1032	1007	661	64.05	65.64
268524-unbengable.cpp	274030-2021090923005唐玉豪.cpp	1088	1007	655	60.20	65.04
268593-KGH_1.cpp	269078-KGH_1.cpp	801	866	633	79.03	73.09
268593-KGH_1.cpp	270440-KGH_1.cpp	801	748	494	61.67	66.04
268596-unbengable.cpp	270619-unbengable.cpp	1242	943	750	60.39	79.53
268597-polaris.cpp	268897-KGH_1.cpp	783	873	546	69.73	62.54
268597-polaris.cpp	270324-skyliyu.cpp	783	856	557	71.14	65.07
268620-polaris.cpp	268757-polaris.cpp	720	791	519	72.08	65.61
268620-polaris.cpp	270384-cidai.cpp	720	685	441	61.25	64.38
268774-KGH_1.cpp	269808-cxy20220105.cpp	974	968	599	61.50	61.88
268774-KGH_1.cpp	270363-polaris.cpp	974	886	603	61.91	68.06
268789-xlykle.cpp	269063-xlykle.cpp	895	965	625	69.83	64.77
268848-liu_sc.cpp	268891-liu_sc.cpp	850	877	556	65.41	63.40
268848-liu_sc.cpp	272744-Jooanna.cpp	850	855	516	60.71	60.35
268854-2021110901013.cpp	268857-2021110901013.cpp	2240	2211	2211	98.71	100.00
268877-2021140901023.cpp	270270-skyliyu.cpp	715	780	485	67.83	62.18
268877-2021140901023.cpp	271825-2020090909023.cpp	715	824	553	77.34	67.11
268879-charming.cpp	269808-cxy20220105.cpp	1032	968	663	64.24	68.49
268879-charming.cpp	270636-qiao.cpp	1032	857	650	62.98	75.85
268879-charming.cpp	274030-2021090923005唐玉豪.cpp	1032	1007	660	63.95	65.54
268907-duanyll.cpp	269175-duanyll.cpp	1712	2003	1250	73.01	62.41
268936-F_know.cpp	268942-F_know.cpp	2375	2279	1522	64.08	66.78
268945-F_know.cpp	270949-F_know.cpp	2515	2973	2150	85.49	72.32
268948-F_know.cpp	273752-2021090923005唐玉豪.cpp	1215	1215	1215	100.00	100.00
268948-F_know.cpp	274042-2021090923005唐玉豪.cpp	1215	1191	1191	98.02	100.00
268969-F_know.cpp	268972-F_know.cpp	2471	2471	2471	100.00	100.00
268969-F_know.cpp	270961-F_know.cpp	2471	2359	1548	62.65	65.62
268972-F_know.cpp	270961-F_know.cpp	2471	2359	1548	62.65	65.62
268977-LevenKoko.cpp	268981-LevenKoko.cpp	1148	1128	1127	98.17	99.91
268977-LevenKoko.cpp	273929-cxy20220105.cpp	1148	1139	728	63.41	63.92
268981-LevenKoko.cpp	273929-cxy20220105.cpp	1128	1139	728	64.54	63.92
268994-Je3ter.cpp	269580-UESTC-lzy.cpp	671	687	421	62.74	61.28
268994-Je3ter.cpp	270553-polaris.cpp	671	640	424	63.19	66.25
268994-Je3ter.cpp	271900-2021090923005唐玉豪.cpp	671	689	442	65.87	64.15
268994-Je3ter.cpp	273359-zhimahuhu.cpp	671	722	439	65.42	60.80
269029-BloodyButterfly.cpp	269781-charming.cpp	1055	1143	765	72.51	66.93
269063-xlykle.cpp	269067-xlykle.cpp	965	997	851	88.19	85.36
269063-xlykle.cpp	269070-xlykle.cpp	965	1065	857	88.81	80.47
269067-xlykle.cpp	269070-xlykle.cpp	997	1065	980	98.29	92.02
269070-xlykle.cpp	271777-xlykle.cpp	1065	1381	860	80.75	62.27
269094-Nelson_zsj.cpp	270661-cxy20220105.cpp	1842	2000	1200	65.15	60.00
269142-XCYTFG.cpp	269505-XCYTFG.cpp	1695	1756	1072	63.24	61.05
269142-XCYTFG.cpp	270683-XCYTFG.cpp	1695	1741	1091	64.37	62.67
269142-XCYTFG.cpp	272471-XCYTFG.cpp	1695	1763	1071	63.19	60.75
269142-XCYTFG.cpp	272599-XCYTFG.cpp	1695	1807	1092	64.42	60.43
269154-Nelson_zsj.cpp	271900-2021090923005唐玉豪.cpp	903	689	568	62.90	82.44
269154-Nelson_zsj.cpp	273359-zhimahuhu.cpp	903	722	570	63.12	78.95
269154-Nelson_zsj.cpp	273360-zhimahuhu.cpp	903	863	574	63.57	66.51
269154-Nelson_zsj.cpp	273591-End_donkey.cpp	903	928	645	71.43	69.50
269235-Justcyl_.cpp	269368-Justcyl_.cpp	1120	1117	1039	92.77	93.02
269280-Pursuing.cpp	271900-2021090923005唐玉豪.cpp	814	689	500	61.43	72.57
269280-Pursuing.cpp	272545-Lyc1.cpp	814	693	495	60.81	71.43
269280-Pursuing.cpp	273359-zhimahuhu.cpp	814	722	502	61.67	69.53
269280-Pursuing.cpp	273838-785475689.cpp	814	815	499	61.30	61.23
269281-kiraru.cpp	269284-kiraru.cpp	1631	1717	1631	100.00	94.99
269281-kiraru.cpp	269289-kiraru.cpp	1631	1768	1478	90.62	83.60
269281-kiraru.cpp	269333-kiraru.cpp	1631	1674	1248	76.52	74.55
269281-kiraru.cpp	269818-kiraru.cpp	1631	1960	1266	77.62	64.59
269281-kiraru.cpp	270575-kiraru.cpp	1631	1585	1011	61.99	63.79
269281-kiraru.cpp	272078-kiraru.cpp	1631	1950	1267	77.68	64.97
269281-kiraru.cpp	273945-kiraru.cpp	1631	1437	986	60.45	68.62
269281-kiraru.cpp	273970-kiraru.cpp	1631	1936	1264	77.50	65.29
269284-kiraru.cpp	269289-kiraru.cpp	1717	1768	1564	91.09	88.46
269284-kiraru.cpp	269333-kiraru.cpp	1717	1674	1257	73.21	75.09
269284-kiraru.cpp	269818-kiraru.cpp	1717	1960	1283	74.72	65.46
269284-kiraru.cpp	272078-kiraru.cpp	1717	1950	1293	75.31	66.31
269284-kiraru.cpp	273970-kiraru.cpp	1717	1936	1290	75.13	66.63
269286-彭皓2021080905015.cpp	269439-彭皓2021080905015.cpp	1198	1172	918	76.63	78.33
269286-彭皓2021080905015.cpp	271812-2020090909023.cpp	1198	982	825	68.86	84.01
269289-kiraru.cpp	269333-kiraru.cpp	1768	1674	1276	72.17	76.22
269289-kiraru.cpp	269818-kiraru.cpp	1768	1960	1312	74.21	66.94
269289-kiraru.cpp	272078-kiraru.cpp	1768	1950	1324	74.89	67.90
269289-kiraru.cpp	273970-kiraru.cpp	1768	1936	1322	74.77	68.29
269292-unbengable.cpp	270721-unbengable.cpp	1148	1062	948	82.58	89.27
269292-unbengable.cpp	272331-charming.cpp	1148	1182	710	61.85	60.07
269312-starxil.cpp	269448-starxil.cpp	1622	1462	1065	65.66	72.85
269333-kiraru.cpp	269818-kiraru.cpp	1674	1960	1475	88.11	75.26
269333-kiraru.cpp	270575-kiraru.cpp	1674	1585	1091	65.17	68.83
269333-kiraru.cpp	272078-kiraru.cpp	1674	1950	1508	90.08	77.33
269333-kiraru.cpp	272361-kiraru.cpp	1674	2480	1502	89.73	60.56
269333-kiraru.cpp	273945-kiraru.cpp	1674	1437	1064	63.56	74.04
269333-kiraru.cpp	273957-kiraru.cpp	1674	1391	1046	62.49	75.20
269333-kiraru.cpp	273970-kiraru.cpp	1674	1936	1504	89.84	77.69
269341-Bob_Wang.cpp	269342-Bob_Wang.cpp	1876	1884	1874	99.89	99.47
269408-Sfukin.cpp	271610-嵇康大大.cpp	585	563	382	65.30	67.85
269408-Sfukin.cpp	272975-彭皓2021080905015.cpp	585	552	379	64.79	68.66
269408-Sfukin.cpp	273643-2021090906010钟城伟.cpp	585	591	393	67.18	66.50
269408-Sfukin.cpp	273794-End_donkey.cpp	585	482	367	62.74	76.14
269424-Bob_Wang.cpp	270445-KGH_1.cpp	591	551	380	64.30	68.97
269431-Nelson_zsj.cpp	270412-polaris.cpp	1319	1325	800	60.65	60.38
269439-彭皓2021080905015.cpp	271812-2020090909023.cpp	1172	982	759	64.76	77.29
269505-XCYTFG.cpp	269650-XCYTFG.cpp	1756	1843	1106	62.98	60.01
269505-XCYTFG.cpp	270003-XCYTFG.cpp	1756	1862	1151	65.55	61.82
269505-XCYTFG.cpp	270138-XCYTFG.cpp	1756	1872	1140	64.92	60.90
269505-XCYTFG.cpp	270140-XCYTFG.cpp	1756	1881	1140	64.92	60.61
269505-XCYTFG.cpp	270683-XCYTFG.cpp	1756	1741	1132	64.46	65.02
269505-XCYTFG.cpp	272471-XCYTFG.cpp	1756	1763	1113	63.38	63.13
269505-XCYTFG.cpp	272599-XCYTFG.cpp	1756	1807	1115	63.50	61.70
269506-Bob_Wang.cpp	273453-彭皓2021080905015.cpp	1331	1308	800	60.11	61.16
269513-UESTC-lzy.cpp	270056-qiao.cpp	884	903	599	67.76	66.33
269513-UESTC-lzy.cpp	270074-嵇康大大.cpp	884	1029	642	72.62	62.39
269513-UESTC-lzy.cpp	274089-嵇康大大.cpp	884	1029	642	72.62	62.39
269516-2021080911003.cpp	272771-nyml2003.cpp	1165	1169	707	60.69	60.48
269522-qiao.cpp	269972-YinHe.cpp	774	778	486	62.79	62.47
269522-qiao.cpp	271825-2020090909023.cpp	774	824	533	68.86	64.68
269522-qiao.cpp	271900-2021090923005唐玉豪.cpp	774	689	536	69.25	77.79
269522-qiao.cpp	272545-Lyc1.cpp	774	693	521	67.31	75.18
269522-qiao.cpp	273359-zhimahuhu.cpp	774	722	537	69.38	74.38
269529-2021080911003.cpp	271177-Je3ter.cpp	448	434	277	61.83	63.82
269529-2021080911003.cpp	273794-End_donkey.cpp	448	482	328	73.21	68.05
269550-Sfukin.cpp	269641-2021080911003.cpp	1292	1390	1003	77.63	72.16
269550-Sfukin.cpp	273117-End_donkey.cpp	1292	1312	894	69.20	68.14
269550-Sfukin.cpp	273169-秋阳锅锅.cpp	1292	1211	788	60.99	65.07
269564-frostylight.cpp	269568-frostylight.cpp	3287	3282	3282	99.85	100.00
269567-Pursuing.cpp	271774-End_donkey.cpp	1243	1194	794	63.88	66.50
269580-UESTC-lzy.cpp	270553-polaris.cpp	687	640	463	67.39	72.34
269580-UESTC-lzy.cpp	271900-2021090923005唐玉豪.cpp	687	689	434	63.17	62.99
269580-UESTC-lzy.cpp	273359-zhimahuhu.cpp	687	722	434	63.17	60.11
269619-ImHubery.cpp	269628-ImHubery.cpp	2160	2160	2156	99.81	99.81
269619-ImHubery.cpp	269642-ImHubery.cpp	2160	2164	2156	99.81	99.63
269619-ImHubery.cpp	269909-ImHubery.cpp	2160	1849	1579	73.10	85.40
269619-ImHubery.cpp	270692-ImHubery.cpp	2160	2218	1417	65.60	63.89
269619-ImHubery.cpp	272429-ImHubery.cpp	2160	2204	1372	63.52	62.25
269619-ImHubery.cpp	273447-ImHubery.cpp	2160	2173	1396	64.63	64.24
269628-ImHubery.cpp	269642-ImHubery.cpp	2160	2164	2160	100.00	99.82
269628-ImHubery.cpp	269909-ImHubery.cpp	2160	1849	1582	73.24	85.56
269628-ImHubery.cpp	270692-ImHubery.cpp	2160	2218	1417	65.60	63.89
269628-ImHubery.cpp	272429-ImHubery.cpp	2160	2204	1372	63.52	62.25
269628-ImHubery.cpp	273447-ImHubery.cpp	2160	2173	1396	64.63	64.24
269640-George-Lee.cpp	270275-George-Lee.cpp	1233	1660	1055	85.56	63.55
269641-2021080911003.cpp	273117-End_donkey.cpp	1390	1312	884	63.60	67.38
269641-2021080911003.cpp	274055-Pursuing.cpp	1390	1441	928	66.76	64.40
269642-ImHubery.cpp	269909-ImHubery.cpp	2164	1849	1582	73.11	85.56
269642-ImHubery.cpp	270692-ImHubery.cpp	2164	2218	1417	65.48	63.89
269642-ImHubery.cpp	272429-ImHubery.cpp	2164	2204	1372	63.40	62.25
269642-ImHubery.cpp	273447-ImHubery.cpp	2164	2173	1396	64.51	64.24
269650-XCYTFG.cpp	270683-XCYTFG.cpp	1843	1741	1139	61.80	65.42
269650-XCYTFG.cpp	272471-XCYTFG.cpp	1843	1763	1111	60.28	63.02
269650-XCYTFG.cpp	272599-XCYTFG.cpp	1843	1807	1130	61.31	62.53
269660-frostylight.cpp	270153-frostylight.cpp	1965	1914	1872	95.27	97.81
269660-frostylight.cpp	270772-frostylight.cpp	1965	1656	1614	82.14	97.46
269682-2021020910025李尚融.cpp	269860-2021020910025李尚融.cpp	1505	1364	989	65.71	72.51
269682-2021020910025李尚融.cpp	269890-2021020910025李尚融.cpp	1505	1448	1066	70.83	73.62
269775-2020050904015.cpp	270825-UESTC-lzy.cpp	661	551	405	61.27	73.50
269800-clouds.cpp	269804-clouds.cpp	819	1166	734	89.62	62.95
269800-clouds.cpp	270247-IrisHyaline.cpp	819	863	545	66.54	63.15
269800-clouds.cpp	270619-unbengable.cpp	819	943	567	69.23	60.13
269800-clouds.cpp	274017-yukinoshita-yukino.cpp	819	954	616	75.21	64.57
269808-cxy20220105.cpp	270363-polaris.cpp	968	886	604	62.40	68.17
269808-cxy20220105.cpp	270636-qiao.cpp	968	857	645	66.63	75.26
269808-cxy20220105.cpp	270743-汪一奇2021190505027.cpp	968	1161	699	72.21	60.21
269808-cxy20220105.cpp	270903-zhimahuhu.cpp	968	1185	742	76.65	62.62
269808-cxy20220105.cpp	273116-skyliyu.cpp	968	933	581	60.02	62.27
269808-cxy20220105.cpp	273679-tk_sky.cpp	968	966	611	63.12	63.25
269808-cxy20220105.cpp	274030-2021090923005唐玉豪.cpp	968	1007	769	79.44	76.37
269818-kiraru.cpp	272078-kiraru.cpp	1960	1950	1512	77.14	77.54
269818-kiraru.cpp	272361-kiraru.cpp	1960	2480	1531	78.11	61.73
269818-kiraru.cpp	272376-kiraru.cpp	1960	2532	1531	78.11	60.47
269818-kiraru.cpp	273970-kiraru.cpp	1960	1936	1509	76.99	77.94
269825-2020050904015.cpp	269827-2020050904015.cpp	1402	1369	1306	93.15	95.40
269825-2020050904015.cpp	269832-2020050904015.cpp	1402	1242	1104	78.74	88.89
269827-2020050904015.cpp	269832-2020050904015.cpp	1369	1242	1048	76.55	84.38
269829-Pursuing.cpp	270721-unbengable.cpp	1046	1062	677	64.72	63.75
269829-Pursuing.cpp	270955-Je3ter.cpp	1046	1022	641	61.28	62.72
269854-frostylight.cpp	269940-frostylight.cpp	1311	1312	1299	99.08	99.01
269854-frostylight.cpp	269941-frostylight.cpp	1311	1318	1286	98.09	97.57
269854-frostylight.cpp	269942-frostylight.cpp	1311	1341	1286	98.09	95.90
269854-frostylight.cpp	269946-frostylight.cpp	1311	1328	1294	98.70	97.44
269854-frostylight.cpp	269948-frostylight.cpp	1311	1330	1291	98.47	97.07
269854-frostylight.cpp	270944-frostylight.cpp	1311	1727	1037	79.10	60.05
269860-2021020910025李尚融.cpp	269890-2021020910025李尚融.cpp	1364	1448	980	71.85	67.68
269870-嵇康大大.cpp	274174-嵇康大大.cpp	1021	1021	1021	100.00	100.00
269883-qiao.cpp	274017-yukinoshita-yukino.cpp	1003	954	808	80.56	84.70
269884-clouds.cpp	270955-Je3ter.cpp	872	1022	633	72.59	61.94
269884-clouds.cpp	271866-qiao.cpp	872	826	568	65.14	68.77
269884-clouds.cpp	272080-qiao.cpp	872	826	568	65.14	68.77
269884-clouds.cpp	272095-qiao.cpp	872	883	567	65.02	64.21
269884-clouds.cpp	272099-qiao.cpp	872	883	574	65.83	65.01
269884-clouds.cpp	272712-2021090923005唐玉豪.cpp	872	870	557	63.88	64.02
269909-ImHubery.cpp	270692-ImHubery.cpp	1849	2218	1388	75.07	62.58
269909-ImHubery.cpp	273447-ImHubery.cpp	1849	2173	1307	70.69	60.15
269940-frostylight.cpp	269941-frostylight.cpp	1312	1318	1299	99.01	98.56
269940-frostylight.cpp	269942-frostylight.cpp	1312	1341	1299	99.01	96.87
269940-frostylight.cpp	269946-frostylight.cpp	1312	1328	1298	98.93	97.74
269940-frostylight.cpp	269948-frostylight.cpp	1312	1330	1286	98.02	96.69
269940-frostylight.cpp	270944-frostylight.cpp	1312	1727	1037	79.04	60.05
269941-frostylight.cpp	269942-frostylight.cpp	1318	1341	1318	100.00	98.28
269941-frostylight.cpp	269946-frostylight.cpp	1318	1328	1285	97.50	96.76
269941-frostylight.cpp	269948-frostylight.cpp	1318	1330	1273	96.59	95.71
269941-frostylight.cpp	270944-frostylight.cpp	1318	1727	1038	78.76	60.10
269942-frostylight.cpp	269946-frostylight.cpp	1341	1328	1285	95.82	96.76
269942-frostylight.cpp	269948-frostylight.cpp	1341	1330	1273	94.93	95.71
269942-frostylight.cpp	270944-frostylight.cpp	1341	1727	1038	77.40	60.10
269946-frostylight.cpp	269948-frostylight.cpp	1328	1330	1316	99.10	98.95
269946-frostylight.cpp	270944-frostylight.cpp	1328	1727	1042	78.46	60.34
269946-frostylight.cpp	273122-frostylight.cpp	1328	1736	1042	78.46	60.02
269948-frostylight.cpp	270944-frostylight.cpp	1330	1727	1042	78.35	60.34
269948-frostylight.cpp	273122-frostylight.cpp	1330	1736	1043	78.42	60.08
269973-clouds.cpp	271116-Sfukin.cpp	918	923	581	63.29	62.95
269973-clouds.cpp	271433-unbengable.cpp	918	1082	686	74.73	63.40
269973-clouds.cpp	272398-an_interesting_name.cpp	918	932	569	61.98	61.05
269973-clouds.cpp	273602-polaris.cpp	918	946	577	62.85	60.99
270001-bhllx.cpp	270040-bhllx.cpp	1014	798	631	62.23	79.07
270003-XCYTFG.cpp	270138-XCYTFG.cpp	1862	1872	1377	73.95	73.56
270003-XCYTFG.cpp	270140-XCYTFG.cpp	1862	1881	1379	74.06	73.31
270003-XCYTFG.cpp	270683-XCYTFG.cpp	1862	1741	1143	61.39	65.65
270007-LRL52.cpp	270021-LRL52.cpp	2077	2103	2070	99.66	98.43
270007-LRL52.cpp	270437-LRL52.cpp	2077	2247	1387	66.78	61.73
270021-LRL52.cpp	270437-LRL52.cpp	2103	2247	1391	66.14	61.90
270074-嵇康大大.cpp	274089-嵇康大大.cpp	1029	1029	1029	100.00	100.00
270138-XCYTFG.cpp	270140-XCYTFG.cpp	1872	1881	1872	100.00	99.52
270138-XCYTFG.cpp	270683-XCYTFG.cpp	1872	1741	1148	61.32	65.94
270138-XCYTFG.cpp	272471-XCYTFG.cpp	1872	1763	1156	61.75	65.57
270138-XCYTFG.cpp	272599-XCYTFG.cpp	1872	1807	1164	62.18	64.42
270140-XCYTFG.cpp	270683-XCYTFG.cpp	1881	1741	1150	61.14	66.05
270140-XCYTFG.cpp	272471-XCYTFG.cpp	1881	1763	1157	61.51	65.63
270140-XCYTFG.cpp	272599-XCYTFG.cpp	1881	1807	1165	61.94	64.47
270153-frostylight.cpp	270772-frostylight.cpp	1914	1656	1656	86.52	100.00
270154-Franklin_wyt.cpp	270155-Franklin_wyt.cpp	1090	1099	1082	99.27	98.45
270163-clouds.cpp	270445-KGH_1.cpp	524	551	354	67.56	64.25
270190-qiao.cpp	270324-skyliyu.cpp	959	856	665	69.34	77.69
270190-qiao.cpp	274230-2021080908030.cpp	959	1021	620	64.65	60.72
270196-unbengable.cpp	273154-polaris.cpp	1631	1631	1631	100.00	100.00
270196-unbengable.cpp	273172-unbengable.cpp	1631	1533	1532	93.93	99.93
270247-IrisHyaline.cpp	270263-IrisHyaline.cpp	863	792	632	73.23	79.80
270247-IrisHyaline.cpp	270535-skyliyu.cpp	863	825	528	61.18	64.00
270263-IrisHyaline.cpp	273221-2021090923005唐玉豪.cpp	792	809	496	62.63	61.31
270269-秋阳锅锅.cpp	270302-UESTC-lzy.cpp	824	780	719	87.26	92.18
270269-秋阳锅锅.cpp	270636-qiao.cpp	824	857	535	64.93	62.43
270269-秋阳锅锅.cpp	272159-2021140901023.cpp	824	813	499	60.56	61.38
270269-秋阳锅锅.cpp	273658-Yaossg.cpp	824	773	518	62.86	67.01
270270-skyliyu.cpp	271825-2020090909023.cpp	780	824	540	69.23	65.53
270281-嵇康大大.cpp	270322-liu_sc.cpp	841	759	513	61.00	67.59
270281-嵇康大大.cpp	270713-秋阳锅锅.cpp	841	712	612	72.77	85.96
270281-嵇康大大.cpp	274100-嵇康大大.cpp	841	841	841	100.00	100.00
270284-Je3ter.cpp	273072-Je3ter.cpp	1282	1391	935	72.93	67.22
270302-UESTC-lzy.cpp	270636-qiao.cpp	780	857	524	67.18	61.14
270302-UESTC-lzy.cpp	272159-2021140901023.cpp	780	813	494	63.33	60.76
270302-UESTC-lzy.cpp	273658-Yaossg.cpp	780	773	496	63.59	64.17
270322-liu_sc.cpp	270713-秋阳锅锅.cpp	759	712	463	61.00	65.03
270322-liu_sc.cpp	271464-layman.cpp	759	661	465	61.26	70.35
270322-liu_sc.cpp	274100-嵇康大大.cpp	759	841	513	67.59	61.00
270334-Justcyl_.cpp	270350-Justcyl_.cpp	1215	1344	822	67.65	61.16
270348-liu_sc.cpp	271774-End_donkey.cpp	1043	1194	819	78.52	68.59
270362-秋阳锅锅.cpp	270721-unbengable.cpp	1064	1062	658	61.84	61.96
270362-秋阳锅锅.cpp	270955-Je3ter.cpp	1064	1022	651	61.18	63.70
270362-秋阳锅锅.cpp	273453-彭皓2021080905015.cpp	1064	1308	835	78.48	63.84
270362-秋阳锅锅.cpp	273803-cidai.cpp	1064	1047	812	76.32	77.55
270363-polaris.cpp	270636-qiao.cpp	886	857	575	64.90	67.09
270384-cidai.cpp	270399-cidai.cpp	685	904	685	100.00	75.77
270391-tk_sky.cpp	270526-汪一奇2021190505027.cpp	741	793	477	64.37	60.15
270392-remake114514.cpp	273679-tk_sky.cpp	1138	966	703	61.78	72.77
270404-KGH_1.cpp	270721-unbengable.cpp	1076	1062	658	61.15	61.96
270440-KGH_1.cpp	270445-KGH_1.cpp	748	551	545	72.86	98.91
270445-KGH_1.cpp	270825-UESTC-lzy.cpp	551	551	376	68.24	68.24
270458-Je3ter.cpp	270459-Je3ter.cpp	952	952	952	100.00	100.00
270458-Je3ter.cpp	272071-UESTC-lzy.cpp	952	1011	666	69.96	65.88
270459-Je3ter.cpp	272071-UESTC-lzy.cpp	952	1011	666	69.96	65.88
270484-cidai.cpp	270909-cidai.cpp	1486	1862	1178	79.27	63.27
270484-cidai.cpp	271183-cidai.cpp	1486	1414	985	66.29	69.66
270526-汪一奇2021190505027.cpp	273221-2021090923005唐玉豪.cpp	793	809	542	68.35	67.00
270535-skyliyu.cpp	270722-skyliyu.cpp	825	972	710	86.06	73.05
270535-skyliyu.cpp	271843-skyliyu.cpp	825	714	501	60.73	70.17
270575-kiraru.cpp	273945-kiraru.cpp	1585	1437	1429	90.16	99.44
270575-kiraru.cpp	273957-kiraru.cpp	1585	1391	1379	87.00	99.14
270589-Chjinqi.cpp	270629-Chjinqi.cpp	1008	1267	922	91.47	72.77
270589-Chjinqi.cpp	271047-Chjinqi.cpp	1008	1145	811	80.46	70.83
270629-Chjinqi.cpp	271047-Chjinqi.cpp	1267	1145	789	62.27	68.91
270636-qiao.cpp	273658-Yaossg.cpp	857	773	536	62.54	69.34
270636-qiao.cpp	274030-2021090923005唐玉豪.cpp	857	1007	618	72.11	61.37
270643-remake114514.cpp	271825-2020090909023.cpp	1009	824	610	60.46	74.03
270653-bhllx.cpp	271177-Je3ter.cpp	455	434	276	60.66	63.59
270653-bhllx.cpp	272651-秋阳锅锅.cpp	455	463	328	72.09	70.84
270659-2021080911003.cpp	270862-Justcyl_.cpp	1235	1302	865	70.04	66.44
270659-2021080911003.cpp	271597-bhllx.cpp	1235	1079	749	60.65	69.42
270659-2021080911003.cpp	271600-bhllx.cpp	1235	1149	752	60.89	65.45
270659-2021080911003.cpp	274211-Pursuing.cpp	1235	1162	780	63.16	67.13
270683-XCYTFG.cpp	272471-XCYTFG.cpp	1741	1763	1094	62.84	62.05
270683-XCYTFG.cpp	272599-XCYTFG.cpp	1741	1807	1112	63.87	61.54
270692-ImHubery.cpp	272429-ImHubery.cpp	2218	2204	1404	63.30	63.70
270692-ImHubery.cpp	273447-ImHubery.cpp	2218	2173	1398	63.03	64.34
270713-秋阳锅锅.cpp	271464-layman.cpp	712	661	491	68.96	74.28
270713-秋阳锅锅.cpp	272545-Lyc1.cpp	712	693	432	60.67	62.34
270713-秋阳锅锅.cpp	274100-嵇康大大.cpp	712	841	612	85.96	72.77
270721-unbengable.cpp	270955-Je3ter.cpp	1062	1022	661	62.24	64.68
270721-unbengable.cpp	273803-cidai.cpp	1062	1047	641	60.36	61.22
270733-秋阳锅锅.cpp	270936-UESTC-lzy.cpp	899	962	596	66.30	61.95
270743-汪一奇2021190505027.cpp	270903-zhimahuhu.cpp	1161	1185	725	62.45	61.18
270743-汪一奇2021190505027.cpp	274030-2021090923005唐玉豪.cpp	1161	1007	762	65.63	75.67
270773-UESTC-lzy.cpp	270774-UESTC-lzy.cpp	1323	1309	1309	98.94	100.00
270773-UESTC-lzy.cpp	272292-UESTC-lzy.cpp	1323	1323	1320	99.77	99.77
270774-UESTC-lzy.cpp	272292-UESTC-lzy.cpp	1309	1323	1306	99.77	98.72
270794-frostylight.cpp	270810-frostylight.cpp	1782	1789	1782	100.00	99.61
270794-frostylight.cpp	270944-frostylight.cpp	1782	1727	1194	67.00	69.14
270794-frostylight.cpp	272588-frostylight.cpp	1782	2233	1342	75.31	60.10
270794-frostylight.cpp	273122-frostylight.cpp	1782	1736	1206	67.68	69.47
270810-frostylight.cpp	270944-frostylight.cpp	1789	1727	1195	66.80	69.20
270810-frostylight.cpp	272588-frostylight.cpp	1789	2233	1347	75.29	60.32
270810-frostylight.cpp	273122-frostylight.cpp	1789	1736	1207	67.47	69.53
270825-UESTC-lzy.cpp	272651-秋阳锅锅.cpp	551	463	396	71.87	85.53
270828-Llf0703.cpp	271811-Llf0703.cpp	1227	1210	1112	90.63	91.90
270875-unbengable.cpp	271177-Je3ter.cpp	443	434	289	65.24	66.59
270875-unbengable.cpp	271768-qiao.cpp	443	501	330	74.49	65.87
270875-unbengable.cpp	272651-秋阳锅锅.cpp	443	463	302	68.17	65.23
270875-unbengable.cpp	273212-polaris.cpp	443	495	318	71.78	64.24
270875-unbengable.cpp	273763-2021140901023.cpp	443	383	275	62.08	71.80
270886-2020050904015.cpp	270889-2020050904015.cpp	1978	1501	1480	74.82	98.60
270886-2020050904015.cpp	270890-2020050904015.cpp	1978	1461	1440	72.80	98.56
270889-2020050904015.cpp	270890-2020050904015.cpp	1501	1461	1461	97.34	100.00
270889-2020050904015.cpp	273117-End_donkey.cpp	1501	1312	904	60.23	68.90
270889-2020050904015.cpp	273169-秋阳锅锅.cpp	1501	1211	913	60.83	75.39
270889-2020050904015.cpp	273391-bhllx.cpp	1501	1364	914	60.89	67.01
270890-2020050904015.cpp	273117-End_donkey.cpp	1461	1312	900	61.60	68.60
270890-2020050904015.cpp	273169-秋阳锅锅.cpp	1461	1211	909	62.22	75.06
270890-2020050904015.cpp	273391-bhllx.cpp	1461	1364	912	62.42	66.86
270890-2020050904015.cpp	274055-Pursuing.cpp	1461	1441	885	60.57	61.42
270903-zhimahuhu.cpp	274030-2021090923005唐玉豪.cpp	1185	1007	728	61.43	72.29
270944-frostylight.cpp	273122-frostylight.cpp	1727	1736	1610	93.23	92.74
270955-Je3ter.cpp	272095-qiao.cpp	1022	883	630	61.64	71.35
270955-Je3ter.cpp	272099-qiao.cpp	1022	883	614	60.08	69.54
270955-Je3ter.cpp	272331-charming.cpp	1022	1182	723	70.74	61.17
270955-Je3ter.cpp	273723-785475689.cpp	1022	1012	638	62.43	63.04
270955-Je3ter.cpp	273803-cidai.cpp	1022	1047	649	63.50	61.99
271116-Sfukin.cpp	272398-an_interesting_name.cpp	923	932	600	65.01	64.38
271181-cidai.cpp	271183-cidai.cpp	1195	1414	1195	100.00	84.51
271597-bhllx.cpp	271600-bhllx.cpp	1079	1149	1078	99.91	93.82
271610-嵇康大大.cpp	272975-彭皓2021080905015.cpp	563	552	404	71.76	73.19
271610-嵇康大大.cpp	273643-2021090906010钟城伟.cpp	563	591	424	75.31	71.74
271610-嵇康大大.cpp	273794-End_donkey.cpp	563	482	347	61.63	71.99
271687-End_donkey.cpp	271776-End_donkey.cpp	1293	1658	1207	93.35	72.80
271768-qiao.cpp	272651-秋阳锅锅.cpp	501	463	329	65.67	71.06
271768-qiao.cpp	273212-polaris.cpp	501	495	308	61.48	62.22
271825-2020090909023.cpp	271835-codefish.cpp	824	837	507	61.53	60.57
271825-2020090909023.cpp	271968-2021090906010钟城伟.cpp	824	1104	677	82.16	61.32
271825-2020090909023.cpp	272621-罗浩洋2020090909015.cpp	824	1092	664	80.58	60.81
271834-charming.cpp	271836-charming.cpp	1748	1807	1602	91.65	88.66
271848-UESTC-lzy.cpp	273169-秋阳锅锅.cpp	1197	1211	771	64.41	63.67
271866-qiao.cpp	272080-qiao.cpp	826	826	826	100.00	100.00
271866-qiao.cpp	272095-qiao.cpp	826	883	694	84.02	78.60
271866-qiao.cpp	272099-qiao.cpp	826	883	667	80.75	75.54
271866-qiao.cpp	272712-2021090923005唐玉豪.cpp	826	870	795	96.25	91.38
271896-Llf0703.cpp	271985-Llf0703.cpp	1061	1056	1056	99.53	100.00
271896-Llf0703.cpp	273193-End_donkey.cpp	1061	1020	674	63.52	66.08
271900-2021090923005唐玉豪.cpp	272545-Lyc1.cpp	689	693	529	76.78	76.33
271900-2021090923005唐玉豪.cpp	273359-zhimahuhu.cpp	689	722	684	99.27	94.74
271900-2021090923005唐玉豪.cpp	273360-zhimahuhu.cpp	689	863	580	84.18	67.21
271900-2021090923005唐玉豪.cpp	273838-785475689.cpp	689	815	503	73.00	61.72
271968-2021090906010钟城伟.cpp	272621-罗浩洋2020090909015.cpp	1104	1092	783	70.92	71.70
271985-Llf0703.cpp	273193-End_donkey.cpp	1056	1020	674	63.83	66.08
272078-kiraru.cpp	272361-kiraru.cpp	1950	2480	1869	95.85	75.36
272078-kiraru.cpp	272376-kiraru.cpp	1950	2532	1871	95.95	73.89
272078-kiraru.cpp	273970-kiraru.cpp	1950	1936	1922	98.56	99.28
272080-qiao.cpp	272095-qiao.cpp	826	883	694	84.02	78.60
272080-qiao.cpp	272099-qiao.cpp	826	883	667	80.75	75.54
272080-qiao.cpp	272712-2021090923005唐玉豪.cpp	826	870	795	96.25	91.38
272095-qiao.cpp	272099-qiao.cpp	883	883	849	96.15	96.15
272095-qiao.cpp	272712-2021090923005唐玉豪.cpp	883	870	663	75.08	76.21
272099-qiao.cpp	272712-2021090923005唐玉豪.cpp	883	870	638	72.25	73.33
272141-Pursuing.cpp	272398-an_interesting_name.cpp	1029	932	624	60.64	66.95
272166-duanyll.cpp	273828-duanyll.cpp	2747	2906	1879	68.40	64.66
272331-charming.cpp	272911-remake114514.cpp	1182	1178	729	61.68	61.88
272361-kiraru.cpp	272376-kiraru.cpp	2480	2532	2459	99.15	97.12
272361-kiraru.cpp	273970-kiraru.cpp	2480	1936	1850	74.60	95.56
272376-kiraru.cpp	273970-kiraru.cpp	2532	1936	1852	73.14	95.66
272398-an_interesting_name.cpp	273602-polaris.cpp	932	946	595	63.84	62.90
272429-ImHubery.cpp	273447-ImHubery.cpp	2204	2173	1539	69.83	70.82
272471-XCYTFG.cpp	272599-XCYTFG.cpp	1763	1807	1538	87.24	85.11
272535-LRL52.cpp	272538-LRL52.cpp	1784	1786	1784	100.00	99.89
272545-Lyc1.cpp	273359-zhimahuhu.cpp	693	722	532	76.77	73.68
272545-Lyc1.cpp	273360-zhimahuhu.cpp	693	863	521	75.18	60.37
272651-秋阳锅锅.cpp	273763-2021140901023.cpp	463	383	289	62.42	75.46
272690-汪一奇2021190505027.cpp	272791-carlchen666.cpp	1108	958	697	62.91	72.76
272692-zxn_64.cpp	273679-tk_sky.cpp	1085	966	700	64.52	72.46
272725-2021090923005唐玉豪.cpp	274365-2021090923005唐玉豪.cpp	2152	1904	1899	88.24	99.74
272742-2021090923005唐玉豪.cpp	273411-BloodyButterfly.cpp	1488	1639	1178	79.17	71.87
272742-2021090923005唐玉豪.cpp	273490-polaris.cpp	1488	1318	993	66.73	75.34
272848-785475689.cpp	272851-785475689.cpp	1086	1085	1085	99.91	100.00
272927-carlchen666.cpp	272974-fez小马哥.cpp	889	921	588	66.14	63.84
272975-彭皓2021080905015.cpp	273643-2021090906010钟城伟.cpp	552	591	484	87.68	81.90
272975-彭皓2021080905015.cpp	273794-End_donkey.cpp	552	482	359	65.04	74.48
273117-End_donkey.cpp	273169-秋阳锅锅.cpp	1312	1211	883	67.30	72.91
273117-End_donkey.cpp	273391-bhllx.cpp	1312	1364	913	69.59	66.94
273117-End_donkey.cpp	274011-VictoryCzt.cpp	1312	1411	890	67.84	63.08
273117-End_donkey.cpp	274055-Pursuing.cpp	1312	1441	898	68.45	62.32
273117-End_donkey.cpp	274323-LevenKoko.cpp	1312	1321	827	63.03	62.60
273137-vv123.cpp	273283-vv123.cpp	2096	2018	1308	62.40	64.82
273154-polaris.cpp	273172-unbengable.cpp	1631	1533	1532	93.93	99.93
273168-LiZnB.cpp	273188-LiZnB.cpp	962	1165	942	97.92	80.86
273169-秋阳锅锅.cpp	273391-bhllx.cpp	1211	1364	850	70.19	62.32
273169-秋阳锅锅.cpp	274011-VictoryCzt.cpp	1211	1411	857	70.77	60.74
273169-秋阳锅锅.cpp	274055-Pursuing.cpp	1211	1441	893	73.74	61.97
273339-charming.cpp	273349-charming.cpp	1471	1855	1270	86.34	68.46
273345-dnk1234567.cpp	273346-dnk1234567.cpp	875	810	807	92.23	99.63
273359-zhimahuhu.cpp	273360-zhimahuhu.cpp	722	863	618	85.60	71.61
273359-zhimahuhu.cpp	273838-785475689.cpp	722	815	507	70.22	62.21
273407-嵇康大大.cpp	274134-嵇康大大.cpp	1451	1451	1451	100.00	100.00
273409-an_interesting_name.cpp	273803-cidai.cpp	1090	1047	672	61.65	64.18
273439-qiao.cpp	273441-qiao.cpp	1461	1439	1418	97.06	98.54
273453-彭皓2021080905015.cpp	273803-cidai.cpp	1308	1047	788	60.24	75.26
273585-YEWPO.cpp	273812-YEWPO.cpp	1329	1364	839	63.13	61.51
273643-2021090906010钟城伟.cpp	273794-End_donkey.cpp	591	482	366	61.93	75.93
273722-2021090923005唐玉豪.cpp	274025-2021090923005唐玉豪.cpp	1721	1486	1468	85.30	98.79
273752-2021090923005唐玉豪.cpp	274042-2021090923005唐玉豪.cpp	1215	1191	1191	98.02	100.00
273945-kiraru.cpp	273957-kiraru.cpp	1437	1391	1380	96.03	99.21
274025-2021090923005唐玉豪.cpp	274030-2021090923005唐玉豪.cpp	1486	1007	1004	67.56	99.70
274054-huyulin.cpp	274083-huyulin.cpp	1395	1395	1395	100.00	100.00
274055-Pursuing.cpp	274398-cxy20220105.cpp	1441	1470	883	61.28	60.07
274221-hans.cpp	274266-hans.cpp	934	1206	805	86.19	66.75
274221-hans.cpp	274330-hans.cpp	934	844	630	67.45	74.64
